0 46 2.963
0 661 1.137
0 988 1.806
1 354 4.061
1 402 0.784
1 478 8.737
1 528 4.386
1 577 0.728
1 578 8.777
1 602 4.109
1 613 5.165
1 631 2.416
1 940 1.869
2 148 5.247
2 163 0.575
2 283 3.049
2 302 0.69
2 319 1.219
2 602 7.937
2 659 3.528
2 766 8.263
2 810 0.204
2 887 7.037
2 941 2.876
2 943 2.752
2 967 2.8
2 968 5.574
3 408 1.034
3 435 2.983
3 476 2.649
3 554 3.848
3 664 1.865
3 765 4.514
3 766 1.347
3 806 1.255
4 195 5.687
4 392 6.651
4 512 8.936
4 625 6.699
4 667 0.421
5 113 8.57
5 516 6.402
5 567 6.524
5 679 8.868
5 711 8.735
5 783 0.579
5 825 8.588
6 62 8.335
6 136 9.664
6 288 5.354
6 293 2.685
6 327 8.485
6 425 4.162
6 447 2.192
6 507 4.26
6 604 3.526
6 624 5.142
6 715 9.916
6 944 6.36
6 967 2.66
7 146 6.323
7 279 2.477
7 324 5.807
7 440 9.103
7 488 1.779
7 538 8.948
7 542 5.269
7 644 9.81
7 913 0.197
8 57 1.596
8 184 5.508
8 424 9.82
8 436 9.705
8 675 0.966
8 699 4.241
8 819 9.19
8 839 1.778
8 847 9.15
9 165 4.187
9 208 9.398
9 357 8.085
9 423 7.284
9 498 6.578
9 665 8.587
10 182 9.195
10 220 4.29
10 416 6.739
10 438 3.731
10 485 1.863
10 595 1.002
10 768 9.594
10 771 8.358
10 851 6.818
10 896 1.281
11 257 5.919
11 583 6.352
11 612 3.314
11 663 8.778
12 58 5.522
12 344 4.249
12 429 9.201
12 443 4.227
12 460 6.597
12 493 5.886
12 506 5.566
12 735 4.142
13 98 1.987
13 178 4.507
13 364 7.704
13 396 8.709
13 469 4.024
13 479 9.277
13 899 0.88
13 914 2.858
14 59 3.414
14 60 1.04
14 288 6.678
14 344 2.21
14 592 7.282
14 798 2.637
14 868 7.611
14 917 0.647
15 101 1.257
15 107 5.251
15 118 7.819
15 172 6.558
15 243 5.398
15 247 1.518
15 291 8.958
15 293 5.247
15 558 7.805
15 738 6.289
15 820 4.187
16 29 4.582
16 114 4.261
16 299 5.083
16 424 3.773
16 499 2.531
16 737 5.948
16 818 6.742
16 846 4.76
16 864 9.743
17 39 3.21
17 47 5.687
17 69 3.019
17 185 0.442
17 205 2.333
17 227 3.538
17 454 0.976
17 590 8.862
17 596 2.337
17 632 5.616
17 712 6.582
17 797 9.32
17 876 2.587
17 881 4.309
18 61 0.94
18 84 4.153
18 196 8.437
18 228 9.5
18 268 7.762
18 382 9.032
18 549 7.376
18 704 5.575
18 923 4.245
18 989 6.032
19 268 6.499
19 333 1.73
19 358 9.219
19 369 5.522
19 451 5.096
19 483 4.883
19 693 3.825
19 741 2.807
19 831 8.356
19 921 2.302
19 980 2.974
20 341 5.741
20 424 6.068
20 501 7.755
20 581 0.195
20 594 3.046
20 705 5.142
20 811 0.588
20 883 1.832
21 277 2.449
21 279 7.061
21 384 8.8
21 393 1.35
21 637 4.707
21 831 8.162
21 872 3.305
21 947 5.682
22 106 1.298
22 114 3.026
22 209 5.661
22 241 8.697
22 352 4.933
22 452 7.626
22 788 3.801
22 842 5.418
22 899 5.485
22 963 5.206
22 966 0.916
23 94 7.023
23 144 9.259
23 262 9.169
23 474 2.421
23 595 1.194
23 620 8.573
23 652 1.02
23 838 8.004
23 874 0.855
23 904 0.738
23 929 4.504
24 51 2.261
24 175 9.681
24 255 0.123
24 577 1.974
24 585 8.118
24 753 0.79
24 781 2.526
24 831 5.174
24 868 5.382
24 943 9.242
24 994 5.464
25 72 0.964
25 145 4.965
25 200 3.29
25 514 2.215
25 548 9.953
25 549 1.078
25 557 3.652
25 882 4.167
26 138 6.952
26 151 6.632
26 153 9.093
26 757 2.942
26 779 7.809
27 31 9.558
27 50 3.362
27 64 8.431
27 79 5.381
27 105 5.729
27 248 4.078
27 350 3.787
27 451 9.464
27 612 9.928
27 669 8.854
27 795 8.906
27 843 5.806
27 858 3.815
27 906 4.66
27 979 8.954
28 182 3.437
28 587 9.358
28 681 2.756
28 692 7.877
28 930 9.88
28 955 7.759
28 959 8.631
28 964 1.397
28 965 6.02
28 978 1.718
28 998 9.725
28 999 3.887
29 93 5.082
29 127 8.885
29 166 4.115
29 229 2.987
29 317 9.796
29 365 3.516
29 412 6.725
29 449 6.314
29 473 6.912
29 663 8.696
29 710 5.095
29 752 4.781
29 931 8.484
29 933 4.452
29 950 4.516
29 971 8.035
30 111 2.571
30 117 7.946
30 133 6.678
30 174 8.857
30 189 4.859
30 362 5.793
30 468 4.042
30 675 6.616
30 814 5.06
30 890 0.255
30 956 7.068
30 963 9.469
30 976 7.378
31 78 7.792
31 264 7.588
31 298 3.721
31 353 0.451
31 409 6.453
31 456 3.521
31 683 7.361
31 786 9.969
31 918 0.363
31 987 7.741
32 44 1.149
32 149 1.122
32 272 8.27
32 315 0.91
32 458 1.604
32 695 1.191
32 753 2.304
32 811 2.111
32 822 3.533
32 919 5.275
33 77 5.127
33 177 6.156
33 194 6.278
33 210 8.101
33 220 3.255
33 235 2.647
33 267 1.802
33 482 9.043
33 544 9.894
33 550 2.141
33 551 9.361
33 647 3.229
33 834 9.123
34 64 7.177
34 554 0.92
34 594 0.362
34 872 0.343
35 169 3.824
35 172 1.14
35 465 5.108
35 499 3.01
35 695 6.813
35 749 4.013
35 763 2.947
35 967 1.812
36 68 1.157
36 199 3.474
36 292 1.295
36 425 1.823
36 426 4.691
36 453 7.296
36 509 7.324
36 580 2.148
36 710 5.233
37 81 9.44
37 518 2.782
37 586 4.826
37 606 4.096
37 636 7.215
37 716 1.425
37 724 9.897
37 756 2.632
37 757 2.956
38 40 4.486
38 136 0.827
38 145 5.372
38 411 6.24
38 561 9.528
38 869 2.806
39 45 6.376
39 104 1.52
39 165 6.839
39 359 5.852
39 392 5.658
39 474 7.685
39 484 4.933
39 527 1.564
39 609 6.326
39 639 3.52
39 765 4.043
39 785 4.973
39 801 4.189
40 102 0.147
40 126 3.976
40 127 8.05
40 269 9.221
40 421 2.137
40 611 0.344
40 773 5.357
40 819 6.203
40 939 2.817
41 136 3.753
41 174 9.555
41 380 7.699
41 547 7.078
41 596 4.247
41 673 8.617
41 740 7.373
41 890 8.946
41 969 7.339
42 164 2.34
42 249 3.623
42 478 2.939
42 512 8.973
42 537 5.409
42 601 0.828
42 658 6.429
42 695 6.238
42 855 3.495
42 872 0.646
43 322 3.97
43 420 2.687
43 468 8.221
43 636 5.765
43 647 6.342
43 705 5.823
44 98 0.198
44 219 6.912
44 233 3.409
44 292 7.83
44 318 0.935
44 404 2.6
44 621 9.839
44 624 8.693
44 864 1.871
44 890 0.34
44 911 6.824
44 982 1.011
45 111 2.1
45 122 4.563
45 164 5.749
45 629 6.253
46 201 7.571
46 411 3.904
46 576 7.426
46 617 3.921
46 625 1.411
46 688 5.596
46 698 0.543
46 923 4.52
47 145 6.119
47 178 7.079
47 265 7.223
47 337 0.678
47 432 3.088
47 470 3.117
47 571 5.061
47 940 4.943
47 975 9.771
48 52 7.307
48 189 0.69
48 409 3.312
48 465 7.978
48 638 6.64
48 656 0.232
48 698 3.431
48 728 2.68
48 760 0.639
48 817 7.321
48 935 5.043
49 63 5.765
49 587 6.264
49 688 4.217
49 699 6.211
49 702 5.233
49 787 2.581
49 915 1.377
50 54 0.262
50 80 7.747
50 133 7.781
50 166 8.882
50 316 3.13
50 464 1.097
50 500 2.049
50 575 7.98
50 760 9.424
50 809 3.748
50 999 8.615
51 218 3.012
51 315 6.16
51 320 3.108
51 656 0.445
51 902 1.267
52 64 3.608
52 76 9.16
52 321 6.318
52 373 2.151
52 471 3.132
52 613 8.511
52 624 1.546
52 762 0.673
53 170 7.126
53 206 5.36
53 403 5.184
53 501 4.922
53 661 0.914
53 674 7.829
53 717 3.631
53 826 9.911
53 866 2.898
53 919 9.904
53 967 9.047
54 106 5.364
54 352 1.985
54 428 6.644
54 636 1.765
55 139 5.674
55 160 4.731
55 493 5.941
55 603 8.826
55 717 5.679
55 904 7.17
55 995 9.664
56 117 7.746
56 228 6.255
56 313 5.509
56 571 3.243
56 785 4.451
56 947 5.756
57 113 3.762
57 131 1.322
57 146 8.086
57 296 5.016
57 307 2.926
57 379 2.134
57 470 2.925
57 497 2.812
57 585 1.023
57 634 6.99
57 677 2.284
57 728 6.61
57 732 8.978
57 901 0.387
58 184 1.981
58 188 8.063
58 362 2.185
58 381 6.028
58 557 4.519
58 611 3.989
58 630 8.799
58 736 7.452
58 882 8.843
59 81 7.075
59 83 7.091
59 273 6.658
59 378 2.649
59 460 6.113
59 492 4.048
59 518 0.49
59 525 9.739
59 678 5.07
60 162 1.858
60 276 1.065
60 318 4.709
60 334 2.927
60 362 2.985
60 469 0.925
60 567 8.706
60 578 4.399
60 621 9.272
60 643 8.761
60 809 6.099
60 855 8.671
60 894 9.332
61 78 3.829
61 93 8.734
61 123 2.523
61 141 6.121
61 566 6.057
61 878 6.549
61 916 4.917
61 988 3.885
62 111 0.609
62 382 4.984
62 402 5.177
62 406 5.44
62 450 6.343
62 653 5.062
62 785 4.102
62 793 3.004
62 805 7.121
62 913 5.945
62 917 3.197
62 987 6.704
63 84 8.506
63 158 4.893
63 230 4.36
63 284 1.534
63 523 3.619
63 527 1.212
63 537 7.232
63 714 2.992
63 827 4.413
63 875 1.095
63 897 4.154
64 80 2.072
64 179 8.032
64 185 1.119
64 344 4.085
64 590 8.791
64 619 4.519
64 639 1.919
64 713 2.474
64 726 5.799
64 796 1.783
65 289 1.163
65 327 0.724
65 379 6.009
65 447 4.558
65 469 5.836
65 482 9.669
65 548 3.668
65 650 3.814
65 707 2.605
65 868 1.799
65 999 6.179
66 120 9.649
66 170 6.99
66 190 6.001
66 258 5.833
66 310 9.889
66 475 0.973
66 571 2.359
66 891 0.303
67 152 8.983
67 227 8.091
67 303 2.257
67 473 0.884
67 512 5.897
67 557 9.646
67 701 2.683
67 733 1.766
67 915 3.433
68 287 7.969
68 430 3.956
68 608 6.065
68 722 8.36
68 892 8.055
69 233 9.234
69 292 2.155
69 404 9.328
69 428 9.724
69 488 8.416
69 491 3.787
69 535 4.754
69 537 5.988
69 606 7.418
69 614 8.112
69 617 2.856
69 709 6.001
69 783 5.71
69 845 6.729
69 851 6.616
69 874 5.818
69 896 4.746
70 209 5.682
70 265 5.7
70 289 0.239
70 447 0.732
70 467 5.263
70 474 7.027
70 560 3.226
70 726 3.655
70 797 8.567
70 932 3.721
70 989 8.676
70 994 5.53
71 293 8.102
71 337 4.954
71 365 6.161
71 395 3.319
71 561 7.253
71 729 0.994
71 775 4.511
71 878 1.536
72 106 7.574
72 327 5.75
72 379 2.865
72 426 6.372
72 516 0.197
72 771 4.676
72 954 0.973
72 963 3.109
73 90 6.897
73 121 3.986
73 255 5.89
73 263 6.553
73 299 2.455
73 318 9.884
73 436 5.028
73 455 8.063
73 582 5.883
73 628 1.347
73 795 5.15
73 878 9.784
73 889 4.53
73 932 9.141
73 977 8.826
74 115 5.571
74 171 9.753
74 249 5.903
74 282 6.825
74 980 8.578
75 210 4.839
75 249 1.758
75 253 4.136
75 428 6.071
75 494 8.996
75 656 5.296
75 712 4.568
75 764 7.257
75 789 2.158
75 865 5.924
75 898 2.934
76 158 1.479
76 172 9.143
76 212 7.875
76 385 4.51
76 559 1.612
76 598 1.516
76 667 2.214
76 699 8.675
76 761 4.291
76 939 4.528
77 121 6.685
77 514 9.784
77 637 0.753
77 764 5.991
77 858 7.267
77 991 7.576
78 155 6.611
78 294 4.265
78 535 8.613
78 621 6.944
78 811 1.572
78 971 4.186
79 109 4.923
79 526 0.514
79 687 4.899
80 365 3.238
80 689 6.139
80 741 4.327
80 823 8.478
80 960 8.865
81 142 4.983
81 160 2.568
81 365 9.763
81 407 0.758
81 459 0.475
81 552 7.193
81 581 4.095
81 641 5.957
81 771 8.716
81 994 1.208
82 262 8.697
82 327 1.366
82 533 4.379
82 555 9.298
82 588 4.279
82 612 8.658
82 779 1.428
82 961 4.446
83 163 0.278
83 308 2.592
83 375 8.524
83 487 2.569
83 707 3.368
83 714 6.149
83 787 6.365
83 891 2.659
84 134 2.478
84 171 7.706
84 223 2.63
84 353 9.298
84 354 9.678
84 371 8.343
84 433 2.348
84 488 3.185
84 562 9.267
84 626 8.717
84 666 2.481
84 694 0.613
84 744 0.793
84 794 1.739
85 254 8.668
85 310 0.26
85 502 6.377
85 600 7.015
85 711 9.807
85 870 1.679
85 989 8.725
86 300 4.845
86 369 8.792
86 435 3.538
86 655 7.33
86 667 7.827
86 755 4.581
86 783 4.402
86 998 8.031
87 199 7.115
87 399 0.448
87 433 1.995
87 458 9.874
87 495 0.684
87 583 0.29
87 619 1.013
87 967 1.685
88 126 4.56
88 148 8.787
88 186 9.52
88 260 0.603
88 300 8.602
88 403 6.928
88 643 9.084
88 760 3.061
88 934 6.208
89 139 4.171
89 146 3.039
89 198 2.796
89 367 7.42
89 451 5.713
89 510 4.626
89 627 4.868
89 872 9.278
89 978 7.159
90 218 2.118
90 611 1.607
90 627 3.46
90 717 2.022
90 768 6.527
90 850 6.538
90 989 5.833
91 237 3.486
91 247 6.183
91 399 0.927
91 405 3.396
91 430 3.405
91 743 4.128
91 751 2.147
91 917 5.113
91 977 4.012
92 373 8.539
92 468 8.224
92 684 8.96
92 696 8.891
93 155 1.397
93 297 2.715
93 309 9.086
93 367 7.563
93 726 3.315
93 776 6.752
93 820 9.661
93 833 4.265
93 847 8.587
93 933 1.849
94 411 8.815
94 593 3.514
94 624 4.102
94 672 7.469
94 711 0.801
94 910 3.077
95 102 6.606
95 110 4.796
95 119 3.096
95 242 1.731
95 403 3.55
95 735 0.452
95 884 7.012
95 935 9.761
96 149 9.532
96 176 7.355
96 199 3.268
96 321 2.067
96 515 1.915
96 542 0.684
96 646 9.856
96 691 0.721
96 806 2.817
96 939 3.996
97 104 7.341
97 106 2.918
97 260 0.765
97 315 8.521
97 454 2.556
97 477 9.88
97 567 2.144
97 788 3.593
97 942 0.939
97 962 9.924
98 211 2.962
98 346 5.908
98 420 0.758
98 504 3.633
98 751 6.765
98 843 0.229
98 954 8.631
99 233 5.65
99 284 4.571
99 421 1.969
99 440 4.61
99 605 4.598
99 777 4.191
99 782 5.242
100 127 7.196
100 147 2.667
100 163 0.121
100 174 7.476
100 234 1.302
100 264 6.639
100 361 1.645
100 478 2.663
100 512 1.966
100 604 7.452
100 614 3.311
100 619 5.887
100 976 6.205
101 155 3.92
101 207 8.257
101 381 6.761
101 508 5.413
101 525 4.467
101 586 9.128
101 634 5.726
101 838 3.02
101 970 4.557
102 117 6.994
102 272 9.824
102 285 5.166
102 312 2.613
102 445 1.093
102 517 0.796
102 636 5.064
102 653 5.524
102 853 9.434
102 888 8.602
103 173 9.348
103 218 9.421
103 407 9.601
103 465 2.241
103 530 3.705
104 358 1.595
104 523 5.411
104 553 7.081
104 578 5.988
105 126 6.745
105 192 8.955
105 209 7.223
105 320 6.54
105 642 7.603
105 687 3.362
105 858 4.364
105 951 4.587
106 177 5.331
106 181 9.809
106 353 7.728
106 419 4.107
106 567 6.976
106 604 8.813
106 628 5.373
106 670 8.671
106 891 3.95
107 252 6.49
107 312 7.617
107 478 4.332
107 576 6.217
107 584 4.072
107 904 6.549
107 982 2.409
108 114 3.498
108 129 0.634
108 275 0.413
108 444 1.595
108 457 7.274
108 529 7.305
108 684 3.401
108 922 2.206
109 112 7.301
109 222 3.246
109 245 8.049
109 246 3.848
109 252 8.708
109 383 2.614
109 416 9.966
109 547 8.736
109 772 4.099
109 803 5.847
109 877 9.815
109 880 5.847
109 997 9.187
110 288 6.849
110 301 3.589
110 595 6.482
110 829 1.895
110 881 6.906
110 921 1.62
111 125 5.576
111 284 2.366
111 290 8.294
111 323 9.07
111 507 5.399
111 714 5.063
111 734 6.922
111 761 8.191
111 795 4.938
111 801 1.483
111 921 6.865
111 932 0.507
111 947 6.568
111 964 5.09
111 974 8.269
112 120 7.501
112 184 2.859
112 210 2.945
112 507 2.066
112 617 0.306
112 774 1.373
112 877 2.735
112 917 3.259
112 925 4.389
112 969 6.694
112 994 4.207
113 117 9.623
113 265 1.175
113 482 0.396
113 549 8.211
113 714 3.671
113 815 6.797
113 868 0.549
114 218 3.632
114 230 4.897
114 400 2.19
114 424 8.563
114 502 4.642
114 541 3.933
114 552 4.653
114 608 0.417
114 613 3.198
114 633 3.442
114 664 8.967
114 940 0.326
115 129 2.656
115 207 3.968
115 529 0.364
115 550 6.066
115 704 6.525
115 831 7.441
116 390 9.203
116 539 2.255
116 557 4.76
116 580 7.58
116 637 5.05
116 713 9.116
116 765 0.591
116 928 2.944
116 979 1.767
117 122 0.409
117 598 6.529
117 708 2.317
117 801 1.441
117 806 0.275
117 903 7.975
117 908 6.029
117 935 3.695
118 164 5.972
118 170 9.576
118 186 4.717
118 211 5.825
118 263 9.317
118 291 8.475
118 344 6.412
118 444 5.244
118 639 1.785
118 672 6.091
118 776 0.365
118 916 3.996
118 985 9.761
119 198 2.338
119 372 3.472
119 397 8.642
119 477 7.551
119 541 0.47
119 633 0.292
119 772 6.068
119 803 0.167
119 895 3.181
120 192 5.766
120 572 7.528
120 604 5.431
120 758 8.419
120 807 4.733
120 892 2.4
121 126 7.919
121 305 7.858
121 605 5.856
121 900 8.541
121 908 7.472
121 934 7.943
122 204 4.189
122 222 0.272
122 231 4.453
122 252 1.432
122 348 7.95
122 428 6.983
122 451 6.684
122 569 3.384
122 608 3.099
122 689 3.829
123 195 1.471
123 371 7.766
123 417 6.769
123 523 4.815
123 614 7.771
123 677 8.903
123 695 1.647
123 737 8.995
123 812 3.532
123 857 2.147
123 971 5.5
124 193 4.424
124 230 4.485
124 323 0.625
124 445 5.945
124 496 0.963
124 522 7.213
124 657 8.449
124 697 0.325
124 786 1.562
124 834 9.806
124 895 1.752
124 973 9.838
125 221 8.3
125 450 3.118
125 667 7.264
125 686 0.192
125 722 4.168
126 128 6.091
126 230 6.154
126 491 8.193
126 569 5.486
126 583 4.538
126 637 3.104
126 800 5.401
126 854 4.104
126 882 4.525
127 243 1.557
127 436 5.496
127 467 3.928
127 545 6.029
127 556 2.204
127 628 6.491
127 676 7.655
127 684 4.724
127 893 6.638
127 935 5.88
127 992 9.077
128 203 2.334
128 398 9.495
128 412 1.862
128 527 8.792
128 626 2.336
128 646 6.583
128 671 0.41
128 773 3.728
128 786 8.009
128 995 5.567
129 332 2.459
129 334 5.237
129 387 2.007
129 483 6.313
129 621 3.781
129 634 2.684
129 667 6.016
129 913 4.933
129 986 9.89
130 250 5.702
130 282 9.906
130 284 3.603
130 335 1.998
130 430 6.123
130 470 4.952
130 783 8.192
130 922 4.657
131 274 5.484
131 461 5.101
131 583 9.791
131 622 2.506
131 682 8.769
131 794 7.815
131 892 4.776
131 912 9.753
131 957 2.322
131 959 4.253
132 161 7.977
132 242 4.139
132 285 9.072
132 300 7.386
132 476 7.402
132 507 5.983
132 593 6.492
132 891 2.385
132 998 8.8
133 261 8.505
133 282 4.167
133 347 8.508
133 447 0.579
133 681 9.422
134 236 0.676
134 395 5.001
134 511 4.45
134 579 9.797
134 595 9.622
134 599 7.422
134 706 9.621
134 828 9.107
134 957 9.014
134 994 6.321
135 162 0.262
135 190 2.417
135 329 7.176
135 418 4.385
135 435 9.332
135 561 5.809
135 567 9.862
135 606 7.025
135 641 6.198
135 753 6.717
135 925 6.35
135 927 7.402
135 984 0.684
136 140 7.405
136 316 0.72
136 414 0.71
136 463 6.183
136 513 3.321
136 597 5.939
136 669 9.785
136 908 7.177
137 356 0.398
137 373 5.385
137 532 8.083
137 744 0.674
137 923 1.626
137 924 2.995
137 991 3.976
138 328 9.048
138 409 9.719
138 571 2.03
138 662 4.307
138 689 6.373
138 758 7.858
139 195 4.83
139 384 0.687
139 640 0.335
139 799 0.469
139 869 3.497
139 987 8.117
140 471 6.163
140 500 1.923
140 564 2.775
140 588 0.225
140 594 6.626
140 885 0.995
141 230 0.244
141 382 2.093
141 441 0.687
142 618 8.958
142 764 2.509
142 778 1.877
142 914 6.073
142 958 5.704
143 193 0.775
143 402 2.502
143 499 2.942
143 521 9.602
143 604 5.327
143 669 2.967
143 678 1.061
143 714 9.655
143 789 1.73
143 790 1.689
143 800 5.539
143 835 3.384
144 218 1.246
144 462 1.064
144 510 1.401
144 761 3.767
144 793 9.303
144 830 3.721
144 991 5.029
145 268 2.535
145 279 8.945
145 658 1.286
145 714 7.579
145 868 0.641
145 991 2.982
146 167 8.908
146 299 8.381
146 318 9.262
146 401 6.834
146 505 0.312
146 513 1.578
146 562 0.725
146 688 3.558
147 362 7.238
147 576 1.255
147 581 6.909
147 708 8.493
147 853 4.318
148 223 9.578
148 234 5.773
148 244 0.783
148 485 9.926
148 682 6.748
148 704 1.067
148 723 3.375
148 725 1.876
148 752 0.519
149 157 2.567
149 169 4.774
149 175 2.879
149 193 0.625
149 202 6.34
149 549 9.403
149 600 3.803
149 770 4.579
149 774 3.157
149 832 4.327
150 258 8.565
150 857 8.968
150 918 9.212
151 211 2.198
151 440 8.06
151 501 3.21
151 576 0.306
151 901 3.959
152 245 1.783
152 319 6.664
152 459 0.495
152 468 7.811
152 520 6.323
152 550 0.218
152 564 6.831
152 615 1.671
152 778 4.605
152 816 7.699
152 937 5.823
152 996 6.345
153 614 5.457
153 731 4.147
153 912 4.991
154 229 3.029
154 250 7.433
154 286 0.829
154 372 0.559
154 483 5.023
154 522 1.197
154 559 6.847
154 592 5.646
154 610 9.983
154 706 7.945
154 794 6.448
154 819 9.191
154 826 9.136
154 827 7.061
154 976 4.037
155 251 5.365
155 284 1.876
155 394 7.857
155 569 6.032
155 715 3.202
155 718 8.219
155 901 3.916
155 936 9.183
155 976 5.796
156 204 4.954
156 364 1.084
156 560 8.01
156 728 1.122
156 765 3.062
156 878 2.145
156 885 9.787
156 903 9.489
156 993 3.803
157 238 4.609
157 241 7.415
157 296 0.687
157 344 7.613
157 351 6.429
157 607 1.302
157 660 3.402
157 819 6.848
157 925 1.857
157 974 0.699
158 216 2.14
158 242 9.448
158 327 5.746
158 458 9.458
158 807 1.033
158 809 2.629
158 837 7.454
158 883 0.857
158 988 3.174
159 308 9.717
159 330 4.317
159 364 8.322
159 446 4.426
159 886 2.894
159 897 7.521
159 917 1.826
159 928 4.244
160 185 7.971
160 261 4.37
160 423 8.959
160 494 3.291
160 641 8.889
160 735 0.3
160 827 1.278
160 855 1.31
160 893 9.774
160 926 9.612
161 217 6.78
161 281 7.338
161 579 1.283
161 607 0.222
161 642 3.186
161 676 5.408
161 734 5.378
161 767 7.26
161 774 8.4
161 914 1.123
161 970 7.379
162 242 2.142
162 362 6.337
162 405 9.68
162 437 3.69
162 465 1.176
162 490 6.659
162 597 2.859
162 674 2.61
162 767 5.922
163 258 5.217
163 273 0.57
163 335 3.744
163 390 7.576
163 441 9.337
163 669 8.262
164 174 8.145
164 344 6.373
164 361 4.227
164 362 1.415
164 980 8.98
165 349 4.446
165 397 4.963
165 475 7.691
165 591 9.387
165 644 9.139
165 777 4.658
165 779 8.237
165 812 1.636
166 197 3.462
166 225 7.24
166 325 8.543
166 360 5.971
166 371 9.406
166 428 5.232
166 483 4.542
166 489 0.738
166 509 8.925
166 513 8.272
166 516 9.283
166 544 8.538
166 817 1.234
166 906 5.101
166 908 8.19
166 958 6.361
167 521 0.178
168 230 2.775
168 359 5.841
168 418 8.28
168 428 2.618
169 341 4.645
169 394 6.4
169 758 8.338
169 847 0.503
169 932 2.764
170 191 8.639
170 220 2.183
170 253 3.897
170 306 6.025
170 344 4.847
170 484 1.021
170 976 7.11
171 174 1.876
171 412 3.743
171 695 0.688
171 981 3.15
171 985 3.921
172 194 3.18
172 217 4.26
172 252 0.928
172 666 1.155
172 707 7.333
172 752 3.446
173 410 5.758
173 415 6.157
173 463 1.309
173 608 3.318
173 681 6.219
173 727 3.107
173 795 1.867
173 813 7.775
174 223 9.57
174 252 9.911
174 341 9.326
174 412 9.584
174 592 8.708
174 696 5.664
175 274 5.184
175 323 2.821
175 327 9.049
175 498 6.548
175 741 5.299
175 766 8.969
175 836 8.79
175 878 7.905
175 999 1.339
176 286 1.614
176 486 9.803
176 545 4.966
176 575 5.639
176 690 6.862
176 710 5.381
176 745 1.581
176 783 3.976
176 823 1.396
176 870 8.684
177 209 8.74
177 219 5.201
177 231 9.468
177 314 3.143
177 581 3.247
177 686 7.199
177 845 4.152
177 919 5.759
178 232 3.086
178 361 8.792
178 481 4.302
178 588 9.395
179 247 9.92
179 425 0.422
179 491 9.774
179 601 4.287
179 991 4.316
180 193 6.47
180 322 8.437
180 338 6.35
180 527 7.59
180 888 9.898
181 208 8.537
181 214 1.735
181 464 3.058
181 634 4.747
181 778 3.372
181 854 4.721
182 291 1.81
182 393 3.645
182 542 3.729
182 749 1.252
182 762 3.867
182 869 2.844
182 892 2.907
183 187 3.347
183 198 8.487
183 221 2.907
183 421 9.872
183 519 7.133
183 527 7.742
183 798 2.459
183 815 4.808
184 370 6.492
184 400 3.575
184 885 5.64
185 302 5.091
185 333 8.809
185 499 3.671
185 642 2.132
185 646 6.207
185 679 2.852
185 698 0.368
185 749 0.817
185 755 7.375
185 818 6.484
185 914 2.899
186 323 4.263
186 606 3.707
187 322 4.188
187 391 0.218
187 498 0.472
187 549 4.56
187 700 5.631
187 748 8.299
188 212 1.597
188 278 7.537
188 461 7.289
188 584 7.635
188 782 9.841
188 785 7.706
188 790 4.643
188 836 9.83
188 907 8.635
189 384 4.33
189 464 3.638
189 509 2.479
189 707 9.849
189 793 3.03
189 803 8.225
190 423 1.914
190 484 9.494
190 491 9.79
190 681 7.085
190 691 9.216
190 822 4.929
190 909 1.632
190 972 8.71
191 340 5.187
191 517 7.963
191 612 2.55
191 645 2.284
191 727 1.721
191 800 6.98
191 877 2.966
192 193 7.677
192 396 4.598
192 398 0.494
192 550 4.063
192 645 5.252
192 648 5.767
192 763 9.589
192 780 1.268
192 900 8.599
192 902 0.366
192 969 5.597
193 515 2.845
193 563 8.815
193 611 5.608
193 967 9.208
194 394 7.175
194 482 8.938
194 503 3.704
194 568 0.138
194 820 5.695
194 825 2.723
194 834 4.688
194 884 2.085
195 402 3.415
195 408 1.754
195 450 1.939
195 474 1.702
195 479 8.199
195 483 3.062
195 539 8.805
195 660 5.453
195 727 3.12
196 539 1.858
196 591 3.066
196 600 8.179
196 729 9.465
196 741 9.533
196 782 1.284
196 787 0.45
197 222 4.391
197 244 0.93
197 324 8.169
197 363 4.796
197 404 2.866
197 408 1.925
197 480 0.569
197 568 0.252
197 615 3.759
197 635 9.37
198 249 7.899
198 461 7.829
198 520 9.415
198 643 3.136
198 823 7.706
198 925 1.315
198 956 2.086
198 962 1.387
198 984 2.181
199 379 5.91
199 438 8.979
199 473 5.929
199 476 8.318
199 875 1.683
200 260 3.476
200 310 4.261
200 391 6.463
200 477 6.689
200 659 0.819
200 761 4.681
200 808 6.052
200 990 1.047
201 250 6.492
201 352 8.467
201 369 1.842
201 387 1.61
201 436 5.375
201 440 2.946
201 745 8.958
202 410 5.08
202 474 2.07
202 556 3.34
202 679 5.704
202 713 1.129
202 725 1.514
202 783 8.44
202 804 6.066
202 976 3.454
203 204 0.556
203 209 6.991
203 221 1.033
203 514 9.465
203 533 4.203
203 579 3.397
203 721 9.93
203 735 7.496
203 755 9.276
203 836 4.341
203 956 1.744
203 995 3.395
204 236 1.27
204 246 1.083
204 432 7.134
204 541 6.376
204 547 5.298
204 644 9.484
204 711 0.299
204 746 7.667
204 753 3.86
204 829 7.728
204 875 8.593
204 891 4.569
205 206 2.464
205 546 1.223
205 593 0.205
205 628 6.22
205 918 5.607
205 932 8.988
206 375 4.636
206 748 9.451
206 809 4.65
206 906 2.89
206 998 7.784
207 408 9.332
207 427 8.785
207 601 1.499
207 621 4.174
207 697 6.836
207 727 8.928
208 235 8.174
208 538 6.254
208 610 8.602
208 632 2.632
208 711 4.752
208 814 2.775
208 821 0.253
208 884 6.06
208 888 2.069
208 921 8.754
208 949 0.663
209 243 5.092
209 310 5.334
209 438 0.642
209 478 8.93
209 556 3.936
209 561 3.055
209 578 7.523
209 621 7.926
209 636 8.842
209 719 1.917
209 849 9.733
209 983 7.423
210 213 2.487
210 280 5.866
210 362 7.321
210 469 0.648
210 502 5.248
210 705 6.58
210 938 7.249
210 976 7.942
211 274 6.702
211 322 0.409
211 450 7.449
211 458 8.31
211 479 9.074
211 645 5.093
211 656 7.268
211 767 7.273
211 798 1.897
211 861 3.304
211 998 4.133
212 233 5.845
212 383 6.847
212 446 5.155
212 648 7.616
212 651 8.675
212 767 5.071
212 896 2.896
212 940 7.382
212 981 8.263
213 326 4.342
213 468 9.078
213 497 6.041
213 523 2.534
213 650 4.106
213 664 9.852
213 797 7.27
213 799 1.894
213 998 9.21
214 265 3.945
214 270 6.353
214 303 5.294
214 548 5.846
214 612 1.925
214 726 6.036
214 737 4.305
214 757 9.866
214 781 2.678
214 804 3.336
214 931 0.565
214 973 8.777
215 313 6.834
215 331 0.116
215 645 3.448
215 698 5.039
215 747 6.623
216 403 1.979
216 464 5.591
216 499 2.583
216 503 8.648
216 520 7.036
216 606 4.144
216 791 1.382
216 846 6.423
216 989 9.454
216 999 1.41
217 342 2.587
217 360 7.945
217 366 6.671
217 368 8.439
217 409 5.713
217 411 9.668
217 486 9.749
217 544 7.033
217 563 9.582
217 839 8.736
217 856 5.464
217 973 8.908
218 226 4.366
218 248 5.836
218 286 1.935
218 381 1.857
218 448 8.512
218 476 5.206
218 604 4.899
218 626 6.895
218 705 7.574
219 292 6.11
219 420 1.133
219 423 1.528
219 458 0.703
219 474 5.682
219 512 2.236
219 517 2.318
219 535 1.526
219 647 6.93
219 698 5.353
219 751 6.491
219 805 6.616
220 316 3.897
220 342 1.651
220 388 7.534
220 414 3.343
220 460 1.932
220 492 9.731
220 515 3.743
220 530 5.189
220 555 3.693
220 563 3.714
220 597 6.749
220 638 9.744
220 722 7.321
220 734 2.55
221 327 4.699
221 366 7.942
221 391 9.988
221 467 0.347
221 576 0.446
221 624 7.921
221 665 2.495
221 714 4.211
221 744 8.086
221 758 7.542
221 920 9.192
221 929 9.669
222 504 3.551
222 560 8.966
222 695 5.221
222 782 2.138
222 834 5.827
222 954 7.352
222 964 0.551
222 993 3.881
223 547 6.601
223 693 5.653
223 709 4.843
223 768 6.633
224 474 8.992
224 617 9.216
224 710 3.501
224 731 0.292
224 827 2.353
224 943 0.753
225 671 8.715
225 969 9.925
226 543 7.143
226 545 6.328
226 660 6.758
226 677 2.541
226 761 7.652
226 947 3.831
227 283 5.294
227 348 9.006
227 367 3.284
227 413 9.4
227 482 6.748
227 830 8.514
227 854 1.559
227 932 1.374
227 948 9.566
228 438 7.357
228 539 7.678
228 630 6.268
229 232 1.237
229 239 2.923
229 240 5.757
229 292 7.492
229 478 7.119
229 581 8.499
229 873 3.52
229 900 4.947
230 347 9.756
230 480 5.4
230 526 2.788
230 588 1.866
230 626 1.346
230 932 6.513
231 287 7.129
231 545 8.515
231 608 6.935
231 727 1.205
231 895 5.69
232 234 7.118
232 374 1.858
232 572 2.188
232 844 2.623
233 238 3.443
233 265 7.129
233 275 6.395
233 307 8.621
233 593 5.637
233 737 8.753
233 873 2.942
233 920 4.19
233 958 4.199
234 418 7.646
234 625 6.079
234 642 1.664
234 657 3.181
234 669 0.813
234 695 9.388
234 873 6.895
235 367 5.277
235 473 4.71
235 500 8.548
235 586 0.642
235 601 1.828
235 683 9.246
235 691 8.699
235 716 1.129
235 819 2.281
235 884 2.409
235 937 0.465
236 263 2.469
236 385 3.931
236 438 7.537
236 519 6.828
236 833 4.845
236 873 0.57
236 882 4.042
236 884 8.916
237 442 6.054
237 580 3.983
237 710 9.589
237 822 4.239
238 289 2.745
238 338 5.047
238 423 4.497
238 439 9.357
238 448 1.809
238 563 2.56
238 861 9.898
238 867 2.631
238 933 7.901
238 971 5.545
238 974 3.559
239 356 4.295
239 358 2.167
239 579 8.628
240 303 2.19
240 396 0.27
240 436 1.574
240 524 6.803
240 707 7.858
240 858 0.909
240 910 4.316
241 401 7.466
241 406 3.524
241 420 5.365
241 670 6.648
241 812 4.083
242 348 7.725
242 391 0.594
242 559 5.638
242 561 4.425
243 288 0.109
243 428 1.663
243 522 1.108
243 557 0.114
243 690 8.033
243 708 1.074
244 360 5.639
244 377 8.368
244 556 8.51
244 574 7.202
244 591 3.67
244 639 9.551
244 654 3.207
244 719 7.301
244 751 3.975
244 776 3.404
244 792 3.851
244 898 2.679
244 946 7.857
245 462 9.715
245 508 6.062
245 515 1.211
245 719 2.515
245 927 6.15
245 978 3.865
245 996 2.86
246 413 3.262
246 607 9.646
246 706 8.436
246 714 3.09
246 850 9.121
246 936 4.482
246 957 2.103
246 979 0.347
247 398 2.708
247 449 9.656
247 551 1.394
247 552 5.108
247 615 1.194
247 712 0.537
247 844 7.408
247 868 6.557
247 984 1.831
248 314 7.362
248 329 6.309
248 486 4.481
248 597 4.584
248 620 6.757
248 626 0.691
248 701 1.22
248 842 2.544
248 915 1.368
249 444 8.445
249 464 4.846
249 588 6.642
249 644 0.795
249 753 4.14
249 837 6.211
249 881 6.361
249 892 3.323
249 947 8.54
249 984 9.253
250 273 1.174
250 346 2.085
250 370 7.012
250 459 9.221
250 479 2.819
250 573 6.004
250 643 0.265
250 698 3.679
250 761 1.28
250 806 0.115
250 867 6.19
251 295 9.403
251 399 6.774
251 511 4.74
251 612 8.307
251 618 1.434
251 632 5.486
251 740 6.409
251 846 9.664
251 896 6.236
251 928 3.909
252 281 0.231
252 331 4.166
252 520 9.81
252 538 7.896
252 573 4.986
252 825 8.99
253 426 3.874
253 531 4.049
253 614 1.479
253 674 9.693
254 262 8.005
254 298 4.776
254 320 3.796
254 351 0.874
254 378 0.677
254 521 7.14
254 566 6.892
254 682 4.659
254 710 9.581
254 983 7.66
255 274 8.187
255 445 8.775
255 733 4.419
255 755 6.179
255 844 8.991
255 972 2.726
256 280 4.994
256 295 4.191
256 408 4.877
256 564 9.047
256 724 3.09
256 770 8.871
256 808 5.718
256 955 9.278
256 972 9.612
257 277 3.528
257 400 0.945
257 436 5.888
257 479 5.365
257 496 3.866
257 601 4.723
257 748 5.104
257 832 4.229
257 965 3.896
258 259 6.81
258 301 5.537
258 454 9.392
258 808 6.433
258 868 1.872
259 422 8.24
259 467 2.974
259 569 9.836
259 641 3.234
259 710 1.169
259 868 6.41
260 314 3.958
260 381 9.641
260 430 3.021
260 544 9.704
260 634 7.061
260 637 1.681
260 683 7.836
260 747 2.747
260 840 5.665
260 918 9.729
260 922 8.24
260 923 8.432
260 979 5.762
261 265 8.909
261 391 1.568
261 458 6.478
261 727 4.935
261 989 0.46
262 355 3.363
262 422 1.089
262 557 8.856
262 597 6.193
262 651 7.661
262 669 9.575
262 864 9.673
262 889 8.624
262 958 1.727
263 274 1.397
263 461 8.028
263 490 9.258
263 499 8.129
263 538 3.285
263 541 2.73
263 570 8.105
263 705 6.931
263 980 7.828
264 309 3.952
264 370 0.757
264 397 5.995
264 483 4.34
264 576 2.619
264 599 7.631
264 653 3.262
264 897 1.56
264 920 6.274
264 997 2.45
265 416 4.116
265 612 6.33
265 617 4.179
265 661 3.301
265 703 1.023
265 725 4.086
265 769 1.596
265 792 3.432
265 817 9.178
265 879 6.236
266 280 0.904
266 298 3.507
266 335 3.892
266 489 9.323
266 615 0.48
266 761 7.18
266 813 5.577
266 833 0.273
267 363 9.672
267 420 2.486
267 452 7.336
267 719 9.846
267 765 2.217
267 892 1.572
268 369 0.322
268 374 7.58
268 401 6.96
268 495 9.975
268 532 5.927
268 601 7.459
268 622 9.443
268 640 1.54
268 716 9.559
268 814 5.714
268 951 2.64
269 352 6.632
269 384 4.343
269 562 4.327
269 588 6.427
269 643 1.834
269 675 3.221
269 861 2.319
269 902 5.709
269 960 8.399
270 406 7.741
270 580 8.505
270 639 2.114
270 703 1.651
270 710 9.785
270 897 3.0
271 332 2.69
271 404 4.399
271 516 1.781
271 764 6.016
271 840 6.961
271 919 7.236
272 401 1.238
272 415 8.076
272 603 2.036
272 640 3.966
272 661 2.226
272 673 3.222
272 815 4.81
272 846 1.053
273 405 4.34
273 428 0.708
273 716 9.547
273 785 5.47
273 922 3.394
273 986 3.178
274 287 8.516
274 299 3.378
274 317 9.446
274 348 3.241
274 433 0.835
274 556 0.417
274 610 7.225
274 892 0.965
275 494 3.597
275 615 5.123
275 733 9.034
275 777 7.941
275 850 1.617
276 309 9.071
276 337 9.792
276 386 4.892
276 399 2.923
276 451 3.56
276 536 3.891
276 604 6.401
276 640 2.094
276 684 6.219
276 835 2.163
276 883 3.428
276 903 3.117
276 914 8.458
277 358 4.452
277 412 0.443
277 439 5.65
277 783 8.493
277 798 4.981
277 828 7.678
277 991 8.98
278 344 4.141
278 413 7.57
278 502 7.363
278 609 2.559
278 820 8.993
278 927 6.967
278 933 1.204
278 976 5.698
279 363 3.619
279 561 1.921
279 703 9.765
279 725 2.676
279 804 1.084
280 287 7.42
280 362 7.153
280 469 6.104
280 540 2.906
280 640 9.18
280 745 7.377
280 847 3.286
281 290 9.884
281 319 3.893
281 531 2.27
281 582 2.729
281 811 5.842
282 329 7.128
282 422 3.391
282 588 2.345
282 807 0.766
282 822 5.575
282 824 0.312
282 852 8.845
282 979 4.52
283 461 6.717
283 554 4.88
283 725 6.887
283 741 4.853
283 854 7.459
284 519 4.544
284 731 4.1
284 752 6.688
284 766 4.773
284 832 7.942
284 914 6.209
284 929 3.243
284 993 8.704
285 325 9.567
285 336 5.427
285 374 3.073
285 557 5.449
285 812 8.723
285 952 0.912
286 422 8.547
286 560 4.013
286 677 2.055
286 684 5.16
286 694 7.227
286 745 9.724
286 765 1.925
286 803 1.421
286 807 9.682
286 888 4.945
286 900 9.425
287 467 1.421
287 516 2.914
287 658 2.461
287 813 9.337
288 502 2.114
288 520 8.776
288 752 2.278
289 320 6.087
289 648 9.844
289 662 2.508
289 802 9.139
290 667 6.846
290 919 0.876
290 983 7.07
291 309 1.048
291 316 3.882
291 406 4.299
291 485 9.392
291 495 4.423
291 747 8.336
291 819 4.586
291 903 3.645
291 909 5.376
291 953 7.396
292 301 7.315
292 331 5.79
292 486 1.776
292 634 5.658
292 651 3.102
292 666 5.088
292 675 3.595
292 874 2.978
292 955 7.616
292 956 6.073
292 958 5.611
292 993 6.105
293 387 7.161
293 416 9.974
293 517 8.235
293 677 2.848
293 689 5.05
293 770 4.149
293 772 5.595
293 814 1.318
293 859 4.427
293 914 9.753
293 944 6.424
294 338 2.057
294 429 8.315
294 458 4.148
294 484 3.376
294 554 4.114
294 816 4.981
294 832 5.174
294 883 6.73
294 904 7.946
295 418 0.12
295 696 9.071
295 860 4.174
295 902 3.796
295 919 4.216
296 500 1.149
296 534 0.656
296 689 2.235
296 931 1.813
297 312 0.413
297 374 2.952
297 427 5.057
297 559 5.989
297 560 3.101
297 640 0.848
297 879 5.178
297 898 3.736
297 943 8.438
298 417 1.755
298 456 4.209
298 462 9.227
298 630 7.549
298 748 3.422
298 866 6.202
298 992 7.903
298 993 1.572
299 469 9.016
299 504 2.236
299 543 1.866
299 577 9.589
299 648 8.259
299 878 8.981
299 985 2.006
300 362 9.966
300 403 6.644
300 472 9.048
300 640 7.575
300 681 5.32
300 706 3.555
300 872 0.522
300 967 0.568
300 970 1.052
301 509 5.434
301 586 7.738
301 663 8.87
301 909 1.035
302 367 4.767
302 449 9.32
302 684 5.933
302 829 1.77
302 885 1.244
302 886 2.99
303 411 1.357
303 456 8.128
303 689 9.206
303 711 4.525
303 719 2.909
303 742 5.424
303 980 2.759
303 988 8.398
304 348 2.314
304 426 5.869
304 467 9.243
304 541 2.851
304 656 6.212
304 675 7.652
304 690 8.29
304 826 2.451
304 853 1.276
304 911 2.311
305 316 2.61
305 346 8.637
305 451 7.016
305 520 1.074
305 597 7.031
305 598 8.931
305 691 9.724
305 746 7.079
305 760 1.535
305 788 1.066
305 895 8.247
306 571 9.389
306 702 6.015
306 805 3.831
306 931 5.932
306 955 4.711
307 339 7.193
307 360 8.584
307 369 2.121
307 370 1.116
307 469 5.474
307 491 2.304
307 633 8.921
307 801 2.635
307 937 5.844
308 549 9.185
308 557 8.913
308 590 4.242
308 654 4.715
308 669 5.897
308 792 1.059
308 801 6.775
308 807 0.131
308 897 8.664
308 906 3.251
308 918 1.157
309 492 4.178
309 544 6.405
309 578 8.91
309 637 7.481
309 928 6.798
309 980 8.485
310 374 9.206
310 431 9.716
310 442 9.556
310 495 6.34
310 496 6.772
310 653 5.064
310 675 0.426
310 791 1.221
310 823 6.455
310 898 5.379
310 949 1.277
311 556 9.371
311 560 3.741
311 773 5.169
311 865 3.76
311 941 8.543
311 954 2.359
312 467 6.097
312 683 2.611
312 841 0.785
312 941 4.14
313 545 5.23
313 634 4.151
313 700 9.434
313 751 1.867
313 787 7.362
314 375 1.292
314 423 4.449
314 732 9.83
314 791 3.005
314 913 1.302
315 343 1.917
315 516 7.081
315 538 1.114
315 699 5.174
315 798 9.432
315 811 5.499
315 864 4.795
315 887 0.149
316 387 3.384
316 488 9.874
316 551 4.646
316 577 7.868
316 591 6.778
316 804 1.896
316 823 1.005
317 418 1.081
317 454 8.341
317 927 9.563
318 322 1.113
318 434 4.886
318 484 7.12
318 489 2.49
318 604 7.247
318 771 1.786
318 828 0.342
318 981 4.92
319 388 2.279
319 460 4.237
319 513 0.948
319 577 5.791
319 660 4.462
319 790 9.2
319 840 6.419
319 929 1.848
319 987 0.903
320 374 3.318
320 490 9.516
320 491 5.41
320 622 5.631
320 720 4.916
320 823 1.227
320 931 7.495
320 935 0.703
320 993 9.414
321 407 7.485
321 731 3.61
321 878 9.643
322 357 7.863
322 535 2.66
322 540 1.547
322 617 9.233
322 707 3.707
322 778 0.649
322 782 6.969
322 907 1.383
322 932 7.251
323 371 2.38
323 435 6.249
323 742 3.472
323 979 1.122
324 356 5.67
324 403 6.129
324 492 1.729
324 607 5.583
324 625 2.005
324 637 5.755
324 744 4.726
324 874 1.983
324 877 1.461
324 898 2.464
325 395 2.312
325 505 7.279
325 554 9.057
325 831 3.497
326 352 3.608
326 448 2.722
326 565 5.747
326 695 0.408
326 715 3.626
326 799 7.268
326 939 8.431
327 416 4.058
327 459 5.669
327 469 6.342
327 500 6.448
327 728 9.303
327 790 7.421
327 993 2.74
328 418 3.706
328 421 0.347
328 594 8.115
328 669 6.767
328 886 3.66
328 979 5.462
329 390 7.054
329 482 9.924
329 501 7.422
329 603 2.15
329 632 4.382
329 667 7.32
329 829 8.033
329 836 2.803
329 883 5.681
329 958 4.496
330 566 3.336
330 580 8.899
330 699 1.687
330 722 7.665
330 805 3.687
330 817 5.763
330 818 0.576
330 853 9.018
330 920 1.939
330 973 4.895
330 993 6.237
331 362 2.344
331 647 3.035
331 788 3.853
332 433 1.509
332 612 9.169
332 711 1.341
332 869 6.268
332 893 6.288
332 931 2.938
332 956 9.857
333 627 4.896
333 786 9.583
333 869 0.945
333 968 3.533
334 372 5.696
334 403 7.497
334 477 6.772
334 551 8.12
334 590 2.085
334 696 7.924
334 852 0.706
334 870 1.972
334 906 8.023
335 394 4.077
335 477 7.142
335 534 4.509
335 831 8.312
335 905 4.261
335 931 3.874
335 967 0.467
336 669 8.105
336 872 3.621
336 971 9.032
336 995 8.285
337 350 8.245
337 415 9.37
337 686 5.719
337 699 5.706
337 781 7.964
337 820 7.342
337 849 3.897
338 448 1.277
338 514 6.741
338 548 3.876
338 571 9.337
338 594 9.069
338 682 2.691
338 713 3.556
338 822 6.748
338 989 5.759
339 352 7.783
339 442 6.479
339 568 8.424
339 693 8.77
339 694 1.419
339 830 6.751
339 882 0.287
339 893 8.896
340 362 8.094
340 405 5.948
340 490 4.531
340 538 8.853
340 782 0.106
341 592 8.712
341 698 4.252
341 992 8.934
342 381 3.913
342 401 1.588
342 766 0.94
342 933 6.338
343 478 1.711
343 500 5.618
343 632 9.249
343 657 2.477
343 703 6.423
343 704 7.835
343 718 6.836
343 810 3.31
343 849 3.544
343 914 0.12
343 926 6.522
343 948 9.492
344 403 4.366
344 462 4.175
344 628 6.04
344 681 8.548
344 776 8.138
344 864 1.064
344 918 2.236
345 408 7.7
345 459 8.916
345 479 0.385
345 511 1.445
345 632 9.937
345 715 8.749
345 951 7.552
346 402 4.58
346 637 6.029
346 691 5.366
346 833 5.283
346 904 2.521
347 457 6.167
347 537 5.107
347 581 7.966
347 633 7.113
347 727 6.457
347 728 9.64
347 945 0.51
348 507 5.914
348 654 6.98
348 721 7.197
348 795 4.531
348 800 3.746
348 829 5.072
349 463 9.753
349 511 5.676
349 525 8.381
349 614 5.32
349 650 8.096
349 848 9.064
349 875 2.101
349 974 2.027
349 978 6.186
350 545 5.414
350 779 0.222
351 415 3.512
351 455 3.334
351 480 8.061
351 574 7.918
351 724 5.827
351 842 6.851
352 451 5.586
352 491 8.358
352 543 9.297
352 931 6.641
353 359 5.346
353 410 7.093
353 483 7.184
353 510 6.501
353 515 5.528
353 563 2.594
353 583 3.218
353 608 8.124
353 610 8.835
353 692 6.408
353 880 9.324
353 911 1.844
354 480 4.312
354 625 6.253
354 704 4.252
354 768 9.779
354 921 8.703
355 381 7.709
355 407 1.992
355 470 5.689
355 543 7.968
355 617 7.128
355 619 2.408
355 630 3.903
355 832 3.388
355 877 7.818
355 921 3.327
356 365 7.428
356 441 0.859
356 583 1.734
356 668 2.86
356 733 9.448
356 900 1.593
356 936 3.627
356 947 2.381
357 593 1.983
357 599 9.305
357 612 8.935
357 662 5.133
357 687 3.949
357 703 5.732
357 713 2.784
357 967 3.278
358 469 9.42
358 498 6.566
358 599 0.669
358 962 8.788
358 991 6.66
359 371 5.778
359 418 2.687
359 453 2.599
359 464 3.272
359 521 3.729
359 534 9.019
359 703 1.509
359 764 4.354
359 792 2.727
359 806 5.732
359 816 0.497
359 883 6.265
359 911 3.907
360 470 8.396
360 571 5.725
360 723 1.194
360 852 6.336
360 904 2.452
360 960 1.579
361 749 5.73
361 756 9.426
361 809 9.918
362 425 5.892
362 460 8.091
362 513 3.603
362 564 0.714
362 682 1.807
362 732 8.03
362 754 7.073
362 877 7.391
362 960 0.99
363 385 4.896
363 406 0.532
363 767 9.383
363 861 8.175
363 964 5.774
364 441 9.802
364 592 4.886
364 612 8.09
364 671 6.651
364 971 6.624
365 378 5.836
365 492 0.378
365 597 4.35
365 627 5.273
365 673 6.242
365 990 7.455
366 410 6.392
366 490 5.586
366 668 0.72
366 762 0.383
366 898 7.754
366 929 1.775
367 376 2.782
367 479 6.776
367 496 4.369
367 615 9.0
367 622 9.655
367 669 4.22
367 772 7.069
367 916 3.743
368 543 8.444
368 699 0.144
368 761 3.548
368 775 6.033
368 778 9.992
368 900 5.566
368 912 1.011
369 407 7.053
369 414 6.276
369 712 5.706
369 810 5.509
370 466 6.065
370 747 4.427
370 899 9.048
371 441 5.501
371 505 8.27
371 671 6.024
371 826 4.725
372 464 8.11
372 598 6.632
372 643 2.507
372 808 8.761
372 847 0.159
372 902 9.469
372 941 9.272
372 998 2.678
373 409 0.332
373 437 9.142
373 547 5.034
373 723 6.786
373 796 4.651
373 827 6.981
373 840 5.661
373 883 1.792
374 397 0.202
374 415 8.037
374 505 6.857
374 576 6.307
374 584 3.386
374 680 0.339
374 792 2.218
374 859 5.652
374 886 5.25
374 924 5.604
375 469 6.66
375 564 4.308
375 602 3.83
375 624 7.178
375 659 3.064
375 679 7.732
375 758 2.613
375 808 5.821
375 810 9.182
375 840 8.926
376 504 7.697
376 774 6.65
376 929 9.548
377 518 6.38
377 662 9.182
377 678 6.443
377 790 4.123
377 803 0.24
377 908 8.033
377 972 4.702
377 988 7.179
378 441 6.591
378 621 3.657
378 638 8.389
378 659 9.301
378 781 9.919
378 838 1.814
378 885 4.477
378 937 7.69
378 943 1.258
379 572 1.205
379 622 2.178
379 790 9.957
379 871 4.931
380 451 2.069
380 521 1.558
380 673 3.74
380 845 3.091
380 917 6.643
381 505 5.918
381 512 0.954
381 720 3.837
382 454 9.248
382 725 7.986
382 879 3.903
382 970 7.314
383 420 5.224
383 433 6.218
383 577 3.535
383 583 0.169
383 849 9.324
383 900 4.268
384 494 9.256
384 556 6.142
384 561 1.891
384 716 5.684
384 740 2.977
384 867 7.857
384 947 5.305
384 988 8.008
385 435 4.279
385 451 4.572
385 635 3.738
385 645 8.169
385 705 2.535
386 474 5.221
386 501 8.384
386 725 9.925
386 758 8.894
386 847 0.586
386 881 5.816
386 997 1.081
387 618 8.666
387 751 5.191
387 964 8.138
387 965 6.822
388 565 3.606
388 618 3.977
388 693 8.379
388 822 0.116
388 909 6.314
388 977 8.358
388 996 0.195
389 399 6.101
389 419 4.798
389 605 5.949
389 623 6.537
389 686 2.984
389 862 5.245
389 868 3.578
389 924 6.876
390 439 4.585
390 631 9.22
390 727 1.187
390 791 5.821
390 855 7.559
390 908 7.49
391 433 7.288
391 434 8.056
391 478 9.861
391 729 6.513
391 792 0.693
392 492 5.645
392 551 6.785
392 620 5.166
392 745 6.189
392 809 2.96
392 962 6.307
392 994 1.662
393 707 4.774
393 808 1.06
393 830 3.334
393 848 8.405
393 882 1.714
394 543 9.718
394 676 5.125
394 739 2.236
394 842 2.525
394 889 9.257
394 925 7.149
395 454 3.818
395 567 8.145
395 637 1.644
395 711 9.817
395 729 7.989
395 861 2.249
395 893 7.898
396 439 5.364
396 451 1.518
396 667 2.041
396 832 2.679
396 850 5.968
397 698 6.511
397 717 9.084
398 661 9.188
398 692 3.772
398 750 8.255
398 796 9.537
399 409 6.39
400 442 0.272
400 505 5.409
400 513 2.042
400 685 9.993
400 751 3.216
400 851 3.041
400 895 5.948
400 958 9.575
401 598 5.109
401 733 3.63
401 792 8.322
401 909 9.045
402 496 4.812
402 614 5.937
402 667 9.94
402 671 2.19
402 842 1.894
402 901 6.273
403 506 2.87
403 571 4.517
403 587 2.124
403 682 2.178
403 693 3.492
403 914 8.522
403 959 6.979
404 539 0.841
404 548 2.414
404 631 3.588
404 780 6.856
404 800 3.439
404 833 3.262
404 851 2.42
405 439 6.288
405 440 6.05
405 507 5.774
405 637 2.929
405 651 4.582
405 915 0.234
406 486 6.315
406 587 3.525
407 427 6.182
407 473 8.172
407 489 5.977
407 735 6.117
407 925 0.849
407 951 1.768
408 460 0.402
408 469 8.625
408 516 1.421
408 538 4.953
408 540 2.734
408 657 4.829
408 798 8.613
409 428 2.649
409 432 9.18
409 485 3.848
409 572 4.106
409 641 3.45
409 650 4.514
409 780 5.114
409 887 0.541
409 893 4.279
409 897 0.939
410 593 1.918
410 621 9.206
410 965 6.588
411 700 1.277
411 710 2.228
411 728 7.941
411 826 2.727
411 853 8.859
411 856 1.324
412 415 8.204
412 443 1.594
412 479 5.012
412 566 9.259
412 747 3.781
412 783 2.51
412 864 9.188
412 869 5.777
412 889 8.641
412 919 9.691
412 943 5.186
413 459 5.383
413 563 5.346
413 624 5.071
413 811 7.858
414 485 3.421
414 489 1.118
414 551 2.309
414 640 1.833
414 642 5.179
414 686 0.365
414 695 2.097
414 891 3.901
414 932 7.387
415 512 5.181
415 641 9.305
415 762 0.451
415 962 6.306
415 986 1.654
416 612 0.404
416 771 0.608
416 990 5.852
417 456 9.105
417 548 9.643
417 561 3.317
417 810 3.858
417 971 7.694
418 465 4.775
418 535 7.159
418 588 3.047
418 654 0.689
418 656 6.946
418 729 8.176
418 827 4.971
418 954 3.876
419 470 6.191
419 571 5.274
419 644 1.831
419 708 9.738
419 724 6.753
419 745 0.365
419 786 1.442
419 808 5.099
419 889 2.579
419 931 5.842
419 960 4.694
420 443 7.236
420 467 6.048
420 482 2.069
420 543 1.374
420 549 3.674
420 647 0.584
420 651 6.925
420 687 5.106
420 733 5.884
420 743 0.279
420 841 7.167
420 916 6.582
421 607 5.75
421 627 4.467
421 687 2.013
421 703 6.056
421 760 8.853
421 888 1.088
421 921 3.602
421 952 0.169
422 503 8.736
422 528 1.631
422 554 0.335
422 580 6.641
422 866 7.036
422 885 9.358
423 443 1.778
423 519 0.679
423 801 6.937
423 818 6.588
423 858 1.141
423 929 6.156
424 437 4.485
424 534 7.437
424 573 7.941
424 645 6.151
424 794 7.916
424 860 4.556
424 865 1.446
424 890 1.472
425 455 4.942
425 721 1.322
425 815 0.613
425 930 0.671
426 439 9.953
426 525 5.524
426 812 4.205
426 955 4.585
426 956 0.503
426 967 7.31
427 449 8.881
427 496 3.672
427 538 7.553
427 570 6.02
427 613 4.199
427 615 4.996
427 676 2.413
427 752 3.296
427 802 2.041
427 819 3.169
427 862 8.47
427 863 3.837
427 909 4.571
428 502 4.717
428 743 2.296
428 794 9.53
428 921 9.31
429 470 7.114
429 508 1.635
429 564 3.067
429 579 0.521
429 699 6.236
429 936 5.014
429 956 9.764
429 965 0.538
430 494 3.821
430 577 2.235
430 637 5.072
430 685 5.547
430 819 3.242
430 927 4.13
430 935 3.904
430 945 9.072
430 959 5.483
431 453 0.922
431 494 8.444
431 522 5.668
431 560 3.696
431 561 8.713
431 736 0.313
431 841 2.829
431 897 6.188
431 918 7.29
431 952 4.358
431 966 9.227
432 637 6.68
432 666 6.808
432 798 5.662
432 846 3.234
432 865 8.754
432 993 7.149
433 488 8.371
433 518 7.796
433 558 4.018
433 627 9.925
433 631 5.164
433 681 9.39
433 710 5.53
433 765 3.868
433 793 4.332
433 983 5.53
433 986 0.55
434 557 6.687
434 608 7.866
434 619 9.959
434 747 7.23
434 755 9.93
435 620 5.621
435 733 7.061
435 787 7.812
435 813 7.836
435 916 3.321
435 934 2.779
436 637 3.784
436 968 9.034
436 991 3.682
437 493 9.298
437 743 6.674
437 758 5.896
437 822 6.459
437 878 4.388
438 529 3.496
438 716 5.413
438 816 3.578
438 939 0.538
438 983 2.047
439 804 9.821
440 609 0.668
440 876 5.542
441 563 3.472
441 619 0.659
441 744 7.345
441 903 7.999
441 943 6.435
441 958 0.807
442 472 9.283
442 498 9.445
442 590 5.044
442 592 6.13
442 630 6.525
442 632 5.648
442 716 3.819
442 729 8.233
442 741 3.615
442 866 4.388
442 910 6.269
443 461 3.319
443 477 6.95
443 566 0.731
443 726 3.851
443 790 0.523
443 937 0.794
444 593 7.103
444 964 9.528
445 486 0.484
445 548 9.267
445 616 8.179
445 790 6.738
445 809 0.912
446 589 3.505
446 595 1.126
446 643 4.171
446 692 6.585
446 770 8.9
446 884 0.556
446 963 4.95
447 478 4.442
447 540 6.375
447 650 9.962
447 742 5.822
447 789 7.703
447 882 7.566
447 989 2.69
447 994 1.235
448 473 5.946
448 487 2.803
448 664 6.948
448 690 0.91
448 702 5.338
448 926 6.182
448 988 0.854
449 666 6.326
449 758 5.868
449 885 2.025
449 911 3.752
450 642 7.125
450 872 5.199
451 461 0.221
451 614 6.039
451 679 8.822
452 474 4.249
452 480 2.127
452 687 5.898
452 816 4.961
453 501 4.072
453 503 4.968
453 514 1.98
453 700 5.86
453 743 2.344
453 869 5.388
454 563 4.406
454 763 8.409
454 765 2.272
454 921 4.189
454 929 0.455
455 493 2.241
455 532 8.603
455 591 1.577
455 667 9.509
455 677 9.421
455 787 1.083
456 492 7.535
456 498 1.295
456 578 2.966
456 735 4.386
456 783 1.945
456 902 7.591
456 936 2.26
456 953 3.354
456 983 4.99
457 515 5.554
457 776 9.031
457 980 3.541
458 469 4.955
458 474 4.981
458 573 6.634
458 812 6.226
458 888 5.124
458 891 2.001
458 967 4.818
459 582 4.228
459 632 8.364
459 668 2.492
459 700 5.705
459 769 7.041
459 803 5.5
459 813 4.569
459 822 9.324
459 896 1.072
460 582 8.952
460 607 1.633
460 632 5.238
460 653 4.043
460 859 5.692
460 919 7.56
461 487 0.197
461 493 3.375
461 710 4.276
461 780 3.059
461 889 0.247
462 737 1.076
462 767 3.279
462 970 3.115
463 675 0.949
463 804 1.324
463 853 8.174
463 879 7.246
463 902 2.456
464 575 5.068
464 643 1.061
464 675 8.474
464 791 0.49
465 501 4.064
465 560 3.87
465 576 9.66
465 769 6.835
465 902 9.713
466 551 1.317
466 571 1.259
466 662 4.257
466 739 8.785
466 792 3.215
466 884 4.517
467 647 4.633
467 671 3.065
467 673 1.535
467 857 4.533
467 976 1.722
468 520 0.723
468 546 1.847
468 606 9.721
468 632 5.345
468 913 4.35
468 916 3.255
468 983 6.489
469 553 3.35
469 781 4.857
469 907 2.141
469 915 1.752
470 540 1.955
470 559 7.322
470 655 6.391
470 758 0.638
470 772 1.748
470 925 8.087
471 486 5.451
471 654 9.653
471 693 5.063
471 924 7.994
471 959 2.828
472 546 4.253
472 618 3.712
472 628 4.104
472 655 0.371
472 729 1.042
472 853 4.261
472 952 5.972
473 618 9.612
473 680 9.391
473 726 4.456
473 728 7.508
473 758 7.702
473 849 4.335
473 904 4.405
474 544 7.694
474 600 6.096
474 775 8.121
474 779 8.323
474 797 2.592
474 912 0.806
475 836 1.596
475 853 8.342
476 594 7.838
476 618 1.379
476 709 4.351
476 854 5.915
477 616 3.11
477 846 8.115
477 893 6.528
477 992 4.494
477 996 4.992
478 551 8.579
478 673 4.684
478 913 3.57
479 622 8.96
479 630 4.003
479 899 8.362
480 921 4.19
481 611 7.746
481 768 7.818
482 514 1.117
482 533 3.014
482 586 1.152
482 633 6.142
482 679 1.619
482 690 1.015
482 701 2.38
482 766 7.357
482 949 4.507
483 583 5.279
483 701 6.171
483 888 9.862
484 649 5.847
484 663 7.675
484 680 7.017
484 697 8.013
484 701 7.347
484 850 6.012
484 926 4.21
485 652 6.558
485 798 7.33
485 877 9.735
485 973 4.911
486 519 3.709
486 560 5.975
486 742 5.801
486 833 6.109
486 960 3.641
487 560 3.974
487 603 9.225
487 628 6.399
487 899 8.47
487 996 8.266
488 586 4.712
488 690 5.635
488 730 4.172
488 744 4.765
489 503 2.428
489 615 8.461
489 677 8.339
490 659 5.491
490 746 2.903
490 885 6.835
490 891 9.714
491 520 9.663
491 540 6.369
491 608 1.554
491 620 2.063
491 876 4.937
492 527 6.124
492 553 0.516
492 778 0.553
492 875 8.73
493 583 4.514
493 626 2.932
493 653 0.731
493 668 1.065
493 729 0.617
493 823 7.832
493 885 7.453
493 910 8.262
494 546 6.545
494 777 2.653
494 880 1.667
494 970 9.58
494 990 2.763
495 551 6.253
495 599 4.67
495 698 5.814
495 703 9.669
495 845 8.78
495 928 2.763
496 532 2.619
496 550 4.601
496 572 1.296
496 778 5.536
496 805 8.022
496 869 6.051
496 893 7.213
496 924 5.255
497 522 2.166
497 586 2.535
497 589 2.25
497 590 0.851
497 596 0.833
497 691 6.665
497 710 7.142
497 732 4.476
497 782 1.155
497 977 2.845
498 547 0.161
498 578 7.474
498 599 5.766
498 669 5.074
498 676 3.269
498 884 2.016
498 983 8.101
499 536 3.521
499 607 6.143
499 681 4.643
499 708 2.039
499 714 5.881
499 801 3.38
499 821 7.953
499 900 5.097
500 523 9.569
500 586 7.653
501 753 8.167
501 801 1.77
501 972 2.393
502 532 9.414
502 588 9.907
502 610 6.727
502 732 3.987
502 741 1.755
502 858 1.477
502 880 2.956
502 959 0.435
503 519 8.284
503 540 2.9
503 542 4.879
503 550 4.711
503 556 3.283
503 589 5.79
503 642 4.183
503 776 2.03
503 895 7.757
503 991 9.985
503 993 2.365
504 534 5.629
504 632 0.34
504 794 2.967
504 839 9.038
504 856 4.858
504 858 6.597
505 527 0.699
505 570 2.638
505 789 2.605
505 927 5.766
505 968 7.971
506 830 9.153
506 847 5.334
506 859 5.444
507 914 0.396
507 921 1.986
508 586 4.648
508 634 1.42
508 691 1.241
508 744 7.869
508 761 1.405
508 866 6.435
508 870 6.49
509 518 4.251
509 825 7.168
509 876 2.722
509 942 0.183
510 530 7.07
510 592 7.503
510 809 9.585
510 814 9.767
510 830 9.609
510 864 0.909
510 918 3.309
511 656 8.495
511 660 6.042
511 681 6.19
511 711 6.073
511 798 6.849
511 992 9.567
512 530 3.383
512 549 7.483
512 660 7.505
512 710 2.087
513 626 5.855
513 783 2.006
513 828 5.123
515 533 7.835
515 605 9.206
515 691 9.485
515 750 0.706
515 961 8.424
516 673 3.969
516 915 4.21
516 936 5.103
517 726 7.416
517 847 3.05
517 981 4.084
518 727 4.39
518 799 1.111
519 543 1.921
519 703 6.652
519 717 2.165
519 801 1.016
519 944 0.62
520 546 4.113
520 604 2.103
520 795 5.175
521 530 8.391
521 597 4.351
521 759 6.691
521 809 6.897
521 815 6.328
522 655 7.946
522 778 0.323
522 779 0.533
522 873 1.51
522 877 5.113
523 649 3.744
523 682 0.716
523 813 0.599
523 915 9.887
523 997 4.096
524 615 6.414
524 722 6.539
525 646 5.765
525 740 3.399
525 845 6.651
526 636 3.45
526 909 4.084
527 549 5.229
527 551 2.244
527 579 5.424
527 610 4.799
527 653 6.279
527 689 4.19
527 719 3.236
527 936 2.219
528 776 4.747
528 948 6.555
529 582 3.556
529 604 5.594
529 683 9.383
529 782 9.58
529 850 8.665
529 978 7.071
530 562 5.12
530 581 1.118
530 596 6.161
530 679 5.179
530 715 1.503
530 761 5.307
530 785 8.225
530 893 7.867
530 962 9.345
531 549 4.806
531 601 0.764
531 634 0.13
531 786 9.556
531 840 0.196
531 971 1.656
532 574 7.217
532 778 2.365
532 972 4.584
532 995 5.184
533 541 6.536
533 606 9.89
533 644 8.982
533 690 6.131
533 705 8.524
533 820 9.191
534 558 9.4
534 641 6.723
534 778 7.381
534 790 3.741
534 899 3.542
534 902 9.841
534 956 8.477
535 673 6.877
535 694 3.942
535 710 9.4
535 885 0.985
535 972 6.277
536 834 8.943
536 859 8.523
536 978 2.726
537 968 9.74
538 641 1.157
538 756 9.199
538 813 2.015
538 846 7.556
539 710 8.487
539 889 9.882
539 914 4.483
539 933 1.548
540 553 8.984
540 633 8.882
540 648 8.703
540 748 3.575
540 863 9.557
540 864 0.638
540 962 7.27
541 574 5.806
541 598 1.399
541 671 1.144
541 675 4.8
541 781 2.393
541 877 3.102
541 911 1.297
541 958 9.152
542 549 1.731
542 646 8.9
542 685 3.803
542 840 7.794
542 899 6.469
542 979 4.122
543 577 5.217
543 591 1.271
543 605 2.228
543 693 3.667
543 736 7.409
543 964 2.821
544 555 5.555
544 935 2.947
544 994 2.337
545 801 3.286
545 802 4.806
545 860 7.218
545 861 7.096
546 710 4.053
546 767 2.378
546 799 4.732
546 812 5.968
547 553 9.037
547 558 2.468
547 647 5.254
547 732 1.929
547 742 2.145
547 803 1.117
547 945 0.441
547 954 8.655
548 701 7.974
548 779 4.193
548 877 7.299
548 885 5.487
549 644 4.089
549 655 1.322
549 682 7.906
549 707 9.786
549 870 3.805
549 901 4.632
549 947 0.594
550 580 3.111
550 761 3.682
551 669 1.743
551 708 3.889
551 725 5.274
551 728 6.491
551 860 0.495
551 877 4.698
552 563 2.801
552 669 7.148
552 868 9.624
552 905 8.231
552 928 2.478
553 577 2.845
553 775 4.55
553 785 7.767
553 906 0.19
553 922 1.453
555 779 7.69
555 899 2.022
555 910 8.488
556 568 3.925
556 675 3.359
556 696 3.34
556 749 0.138
556 778 8.782
556 933 2.957
557 636 8.572
557 656 5.217
557 683 1.83
557 791 9.538
557 816 2.043
557 912 1.744
557 997 3.714
558 585 0.794
558 872 8.176
559 597 1.814
559 698 4.891
559 783 4.127
559 816 8.943
559 868 3.51
559 894 9.838
560 613 1.101
560 668 9.966
560 719 6.988
560 770 6.965
560 832 4.811
560 973 1.943
560 990 5.567
561 587 9.576
561 601 1.051
561 705 5.221
561 781 7.738
561 812 6.622
561 833 4.43
561 859 6.981
562 586 1.392
562 710 9.97
562 833 4.926
562 901 2.017
563 576 5.982
563 606 6.324
563 814 6.803
563 883 3.671
563 980 8.104
564 626 9.461
564 691 9.589
564 797 1.611
564 957 8.596
565 804 3.927
565 886 4.493
566 650 0.559
566 678 8.99
566 687 5.06
566 812 7.122
566 814 7.064
567 635 2.571
567 717 1.453
567 857 0.581
567 967 0.843
567 994 4.607
568 745 7.241
568 784 0.652
568 798 2.691
569 624 7.957
569 672 5.62
569 828 9.239
569 941 3.656
570 621 1.252
570 692 8.264
571 616 2.253
571 815 5.733
571 919 0.13
571 997 3.92
572 783 1.163
572 901 3.033
573 642 2.857
574 792 8.318
574 898 0.99
574 932 2.282
575 763 0.862
575 768 1.354
575 779 8.805
575 800 7.255
575 868 9.423
575 918 6.717
576 901 2.109
576 905 1.868
576 936 8.747
577 630 5.029
577 692 9.695
577 979 1.228
578 684 8.699
578 759 4.346
580 656 6.827
580 665 4.904
580 856 2.321
580 911 9.464
580 937 8.249
581 793 7.356
581 875 6.443
582 629 7.554
582 887 4.818
583 607 1.185
583 664 5.952
583 777 3.467
583 976 3.082
584 636 2.184
584 735 0.47
584 768 1.164
585 607 9.937
585 831 1.087
585 903 5.018
585 941 6.048
585 950 7.448
585 957 8.731
586 587 1.26
586 590 8.634
586 803 4.54
586 809 6.081
586 817 7.771
586 866 6.206
586 992 6.963
587 695 5.306
587 903 0.895
588 712 0.103
588 881 1.765
588 890 1.23
588 943 9.497
588 971 0.125
588 995 7.638
589 596 2.242
589 599 8.423
589 614 7.981
589 717 7.762
589 751 5.228
589 798 5.691
589 833 9.535
589 856 0.968
589 928 4.331
589 969 7.124
589 988 2.176
590 698 7.267
590 795 2.418
590 816 2.713
590 851 5.165
590 945 3.665
590 962 4.725
591 751 7.534
592 676 5.705
592 715 5.883
592 827 5.986
592 888 9.65
592 979 7.523
593 836 8.552
593 859 5.199
593 923 2.922
593 932 4.109
594 741 1.804
594 748 4.231
594 766 6.033
594 775 7.436
594 788 0.489
594 816 2.836
594 832 9.263
594 856 8.269
594 974 7.23
595 630 9.56
595 671 6.767
595 754 5.222
595 918 8.293
596 639 3.396
596 658 7.856
596 781 1.932
596 828 5.805
596 982 8.964
597 865 3.401
598 612 1.349
598 629 6.935
598 681 2.358
598 682 5.245
598 687 9.992
598 703 8.755
599 761 5.996
599 780 9.864
599 825 2.454
599 859 6.423
599 900 0.605
600 774 7.646
600 796 4.09
600 799 8.917
600 949 2.146
601 755 9.241
601 795 6.335
601 829 4.803
602 824 5.296
602 828 2.002
602 880 8.269
603 635 6.516
603 754 4.712
603 860 4.462
603 942 8.292
604 696 9.386
604 719 6.702
604 735 1.163
604 808 6.354
605 764 8.1
605 784 2.189
605 809 1.094
605 864 4.296
606 682 4.227
606 752 4.805
606 812 6.065
606 813 4.463
607 621 6.56
607 777 6.41
607 811 9.678
607 856 5.679
607 958 1.832
608 659 6.243
608 719 5.246
608 797 8.37
608 878 7.553
608 930 0.632
608 980 0.587
609 627 1.353
609 691 4.805
609 693 1.765
609 719 9.826
609 770 4.54
610 618 2.899
610 655 8.061
610 663 6.169
610 904 4.557
610 993 7.809
611 710 1.479
611 739 3.2
611 773 2.535
611 783 3.458
611 900 8.147
611 996 2.055
614 793 8.848
614 960 1.041
615 680 7.524
615 784 3.227
615 807 9.23
615 817 3.386
615 872 7.89
615 917 6.934
615 938 3.629
615 996 8.025
616 639 1.48
616 659 0.71
616 734 5.65
616 873 8.406
616 925 0.973
617 725 4.752
617 766 4.761
617 855 6.257
617 895 3.938
617 910 7.96
618 736 8.257
618 803 6.244
618 893 0.74
618 938 1.921
618 944 4.824
619 641 9.492
619 926 6.506
620 751 0.582
620 984 8.766
621 666 4.059
621 911 5.07
622 684 9.991
622 924 9.692
622 946 8.609
623 652 4.852
624 664 5.614
624 801 7.554
624 815 3.379
624 859 0.207
624 891 5.626
624 992 8.48
625 672 4.922
625 868 1.912
625 987 7.277
626 696 0.599
626 955 1.32
627 648 5.12
627 718 3.84
627 841 7.314
627 877 6.857
627 962 9.2
627 972 6.198
628 715 4.548
628 726 2.78
628 842 6.847
628 997 9.647
629 713 8.622
629 798 7.377
629 859 2.254
629 973 5.406
630 747 3.89
630 947 6.026
631 703 3.379
631 717 6.93
631 733 9.622
631 893 2.55
631 923 4.154
632 639 6.377
632 650 5.347
632 712 0.396
632 768 6.143
632 897 2.841
632 921 7.434
632 969 5.782
633 649 8.487
633 701 3.944
634 719 9.36
634 720 5.12
634 729 3.373
634 751 4.129
634 827 2.646
634 879 9.216
634 954 2.349
635 642 1.196
635 651 1.354
635 663 2.618
635 673 2.836
635 715 6.916
635 860 6.484
635 943 6.839
636 754 1.795
636 796 0.708
636 832 5.57
636 842 3.672
636 987 0.412
637 666 9.623
637 883 5.35
637 888 1.526
638 841 2.66
638 962 6.616
638 965 8.361
639 672 9.347
639 748 2.613
639 822 7.515
639 859 1.143
639 990 6.11
640 793 3.773
641 760 1.051
642 658 6.584
642 780 9.619
642 828 3.703
642 845 4.03
642 891 3.886
642 954 5.498
642 960 5.807
643 676 0.261
643 692 8.34
643 768 7.417
643 939 3.922
644 663 5.677
644 720 4.308
644 764 0.367
644 853 6.447
644 905 5.316
645 824 4.237
645 974 4.864
646 856 6.781
646 857 7.505
646 906 6.199
646 933 3.629
647 840 0.18
647 860 8.792
648 691 8.885
648 720 0.423
648 721 4.608
648 741 6.277
648 779 1.841
648 921 9.308
648 924 9.031
648 961 3.177
649 686 0.77
649 891 2.299
649 915 0.104
649 984 2.639
650 678 9.435
650 767 0.525
650 773 4.339
650 810 0.675
650 952 8.705
651 834 4.761
652 653 8.106
652 716 0.492
652 848 5.791
652 933 3.784
652 934 8.722
652 984 8.203
652 991 6.022
653 966 5.632
654 903 0.177
654 986 5.718
655 697 1.011
655 778 5.435
655 826 8.683
656 711 8.519
656 727 0.781
656 934 2.323
657 680 6.542
657 691 4.267
657 721 7.621
657 838 6.727
657 880 4.989
657 886 1.625
658 715 8.198
658 789 7.127
658 805 8.736
658 814 9.464
659 738 2.439
659 840 7.874
660 701 9.175
660 723 4.52
660 886 0.887
661 760 3.433
661 838 5.387
661 927 6.773
661 937 6.346
661 940 1.327
662 705 1.421
662 835 7.26
662 877 4.447
662 949 2.138
663 867 2.293
663 996 5.382
663 998 7.562
663 999 7.022
664 793 9.532
665 715 4.545
665 737 9.351
665 836 1.48
666 799 2.434
666 929 2.356
667 721 4.728
667 749 5.135
667 905 6.522
667 992 2.168
668 744 6.377
668 922 8.527
668 941 5.773
669 823 6.928
669 861 0.811
669 970 2.241
671 677 1.636
673 730 3.557
673 796 3.827
673 818 7.964
673 863 5.35
674 772 5.719
674 791 0.726
674 806 9.633
674 911 3.118
675 706 0.567
675 764 6.941
675 813 4.862
675 893 1.497
675 962 5.667
676 779 6.028
676 921 9.373
677 806 4.398
678 768 7.722
678 832 3.345
678 858 6.798
678 885 8.95
678 949 6.878
679 877 0.173
679 965 6.253
680 949 2.861
680 996 9.968
681 863 9.118
681 869 2.094
682 819 2.93
683 733 1.273
683 831 4.022
683 876 6.182
683 949 6.128
683 962 8.708
684 728 4.226
684 822 5.543
685 689 8.666
685 812 0.528
685 925 8.974
686 703 0.152
687 702 4.509
687 750 1.77
687 903 2.784
687 941 7.429
688 856 4.765
689 839 6.663
689 887 3.221
689 915 7.945
689 958 4.488
689 996 2.246
690 876 0.28
690 914 8.405
690 978 3.939
691 699 4.59
692 735 6.954
692 784 1.914
692 835 4.55
692 878 7.49
693 792 2.004
693 826 5.633
693 973 4.211
694 729 1.762
694 829 8.396
694 898 0.613
694 976 8.531
695 720 6.995
695 935 5.156
695 950 7.097
695 969 5.579
696 820 7.32
696 989 2.373
697 880 2.94
697 923 2.18
697 979 9.667
697 984 7.527
697 999 9.276
698 752 5.248
698 755 6.06
698 817 4.828
698 824 3.118
698 851 1.727
698 873 6.237
698 894 0.352
698 947 6.879
698 956 6.854
699 741 5.2
699 800 3.502
699 949 6.636
700 708 4.624
700 790 4.199
700 852 6.366
701 702 4.58
701 741 8.941
701 787 5.966
701 853 2.871
702 783 0.614
703 765 4.525
704 720 8.259
704 836 0.64
704 861 8.655
704 886 8.505
704 916 8.337
704 984 3.851
705 731 0.317
705 904 9.317
705 960 3.288
706 753 9.364
706 809 2.409
706 820 2.898
706 875 4.454
707 776 1.453
708 861 7.714
708 908 2.053
708 970 0.743
709 846 9.24
710 727 4.869
710 776 8.756
710 976 2.091
710 979 4.479
711 748 1.135
711 754 1.646
711 765 2.61
711 881 4.298
711 915 1.095
711 937 5.861
712 763 8.193
712 828 0.493
712 945 3.609
712 990 2.559
713 888 6.878
713 966 7.232
715 786 1.123
715 828 3.062
716 734 1.853
716 828 7.235
716 918 4.819
716 983 5.372
717 731 5.847
717 775 5.751
718 806 9.145
718 853 0.545
719 860 3.897
719 983 5.965
720 734 8.199
720 743 8.208
720 753 3.684
720 935 0.715
720 945 1.613
720 952 3.477
721 795 3.134
721 798 3.732
722 734 3.024
722 857 9.643
722 939 4.813
723 746 5.49
723 788 3.456
723 976 3.205
723 989 8.144
724 728 2.611
724 781 0.683
724 834 1.608
724 895 8.307
724 991 7.132
725 997 9.215
726 743 8.033
727 757 5.224
727 875 7.83
727 906 7.401
728 770 3.068
728 811 6.715
729 766 5.003
729 825 3.704
729 955 5.263
730 748 5.259
730 773 8.181
731 912 4.225
731 922 0.836
731 943 4.868
732 757 8.699
732 834 4.167
732 940 1.942
733 795 5.066
733 806 9.559
733 874 7.481
734 759 2.062
734 886 2.93
734 892 6.965
735 809 8.478
735 903 1.422
735 956 6.205
735 969 7.955
736 758 3.613
736 809 3.833
736 862 6.36
737 822 7.996
737 825 5.744
737 872 5.705
737 955 5.139
738 757 6.929
738 802 5.074
738 908 2.408
738 948 5.891
739 791 0.782
739 820 9.03
739 845 6.028
739 865 3.138
739 948 1.134
740 841 2.562
740 968 9.944
741 934 5.609
741 996 0.377
743 924 3.88
743 928 1.596
743 930 3.473
744 845 8.644
745 793 1.619
745 805 5.748
745 863 8.873
746 885 1.951
746 895 5.742
746 931 1.64
747 806 9.834
748 844 1.05
749 883 6.571
749 944 9.092
749 961 2.798
750 861 1.963
750 920 6.79
751 803 7.252
751 808 1.068
751 835 6.946
751 867 3.609
751 966 4.151
752 824 5.296
753 784 5.902
754 867 9.534
754 880 4.074
754 929 2.683
754 997 2.554
755 830 1.381
755 865 4.773
756 819 7.501
757 770 3.224
757 775 3.991
757 857 5.272
757 957 1.691
757 993 7.634
758 837 3.86
758 894 4.628
758 943 5.6
759 777 1.727
759 844 5.193
759 847 5.023
761 887 3.11
762 869 3.876
762 895 9.758
762 901 1.99
762 954 8.282
762 989 5.034
763 767 6.961
763 774 9.115
763 790 4.274
763 844 9.305
763 859 1.735
763 899 9.438
763 941 6.867
764 821 3.193
765 847 7.03
765 901 2.166
766 956 8.269
767 826 0.733
767 846 0.235
768 918 8.019
768 960 4.025
769 787 2.826
769 863 1.117
770 906 6.485
770 936 9.806
770 952 6.98
771 807 8.14
771 860 1.536
771 895 8.633
771 964 7.436
771 973 8.121
772 822 0.682
772 994 5.354
774 819 7.894
774 925 2.292
775 908 3.982
775 928 9.533
776 881 0.649
776 882 0.502
776 919 2.094
776 980 3.538
777 797 6.881
777 839 6.24
777 932 2.371
778 810 9.042
778 972 4.698
778 986 2.237
778 999 6.642
780 892 3.849
780 952 5.952
781 809 0.982
781 842 3.905
781 894 2.904
783 797 4.344
783 800 2.565
783 833 4.901
783 969 9.621
783 981 1.769
785 970 7.281
785 983 7.861
786 805 0.457
786 900 9.955
787 928 7.783
788 907 8.851
789 839 3.364
789 858 5.66
789 920 8.339
789 930 7.898
789 932 1.619
790 808 6.205
790 987 5.901
791 808 8.173
791 963 3.493
792 905 4.456
792 918 7.259
795 927 7.723
795 938 6.444
796 857 3.522
796 937 4.988
796 941 5.024
798 958 4.747
799 863 7.135
799 962 2.049
800 846 5.313
800 862 2.71
802 857 8.781
802 886 0.966
802 918 3.256
802 930 0.851
804 843 2.351
804 973 0.929
804 995 7.723
805 902 5.015
805 918 7.211
805 989 2.214
806 836 1.163
807 863 9.176
807 904 1.418
807 971 0.303
807 980 6.322
808 863 1.172
808 939 0.553
808 946 8.426
809 872 1.581
811 914 0.207
811 966 6.949
812 908 5.494
812 937 9.201
812 983 6.459
814 869 2.715
814 884 5.764
814 980 4.598
815 848 0.569
815 950 2.731
816 871 4.121
816 892 8.849
816 976 5.82
817 910 1.017
818 856 3.917
818 858 2.917
818 871 9.631
818 881 2.726
819 848 3.174
819 855 2.146
819 918 0.904
820 930 1.595
820 983 2.221
820 987 8.459
821 963 9.159
821 985 1.198
823 888 9.617
823 946 3.531
824 843 5.665
825 923 4.595
826 956 9.027
826 983 5.694
827 852 6.301
828 892 8.613
828 985 2.267
828 991 0.301
830 904 1.819
830 999 9.32
831 840 8.605
831 945 0.667
832 838 0.313
832 868 8.986
832 917 3.232
833 893 3.021
833 945 5.479
833 951 9.088
833 967 8.538
834 960 5.525
835 893 2.28
835 945 2.277
836 896 5.884
836 943 9.556
836 981 6.04
837 967 4.08
838 909 1.914
838 917 1.686
838 920 9.145
839 850 1.092
840 963 4.148
841 922 0.98
842 849 1.26
842 865 4.953
842 868 3.506
842 885 9.787
842 964 7.553
843 846 4.309
844 846 5.834
847 891 0.189
848 974 7.079
849 872 7.377
849 920 5.948
849 922 3.662
850 876 0.672
850 982 5.011
851 865 7.254
851 869 3.371
851 901 9.099
851 925 4.781
852 886 8.115
852 932 4.733
854 910 7.572
856 944 8.953
857 952 1.462
857 999 0.921
858 936 3.478
859 869 3.578
860 925 6.669
860 932 9.714
860 967 8.089
861 885 5.974
862 878 3.686
863 879 8.89
863 966 8.553
864 895 4.254
864 927 9.415
865 988 7.187
867 878 1.46
868 886 0.843
868 889 2.296
868 906 6.594
870 876 6.495
870 885 7.595
870 930 1.985
871 983 4.898
872 923 0.604
872 936 8.564
873 904 8.58
874 968 6.823
874 988 5.597
876 888 1.933
876 962 0.244
877 940 5.245
878 912 4.845
880 887 8.895
880 926 5.615
880 933 4.985
882 926 5.687
883 906 5.984
883 951 4.166
884 951 0.852
885 954 2.578
885 958 0.798
888 946 5.346
889 935 7.113
892 944 7.388
892 954 7.599
894 910 5.086
896 933 1.472
897 898 2.819
897 908 2.536
899 952 5.795
899 955 0.879
901 920 0.664
901 934 8.066
901 957 2.447
902 909 6.567
904 928 4.758
906 907 9.249
906 966 7.908
906 972 3.28
906 982 0.427
908 993 8.428
910 990 1.682
911 918 5.402
913 969 7.329
914 946 9.758
914 993 7.206
915 944 9.596
915 980 2.865
916 932 3.937
917 984 9.295
918 932 7.92
918 988 8.456
919 927 9.025
919 928 9.992
920 958 8.257
921 986 3.294
922 966 6.214
924 996 8.145
926 996 5.266
933 954 9.24
933 965 2.33
933 973 2.555
934 937 7.65
934 952 2.216
935 967 3.349
936 944 4.329
936 957 7.55
937 991 0.306
937 994 1.825
939 968 5.29
939 969 5.661
939 989 4.974
940 990 3.177
941 970 9.082
942 948 0.272
945 952 6.261
946 992 0.115
949 994 3.657
950 959 1.583
950 987 7.52
956 962 8.882
956 967 4.685
959 967 2.972
959 973 0.323
961 969 3.987
962 978 3.411
965 987 2.875
974 984 7.778
975 999 7.476
