0 5 3.225
0 6 6.335
0 7 4.694
0 8 3.792
0 9 2.829
0 10 8.658
0 13 4.345
0 16 7.093
0 19 1.827
0 24 6.902
0 29 0.177
0 30 2.939
0 35 8.298
0 36 9.437
0 38 7.524
0 47 3.945
0 50 2.309
0 52 7.746
0 53 8.235
0 55 4.774
0 57 2.207
0 61 2.859
0 68 9.17
0 77 6.254
0 88 4.565
0 96 5.342
0 99 5.793
0 104 0.617
0 107 6.777
0 111 9.227
0 127 4.662
0 131 6.11
0 136 3.197
0 148 5.595
0 155 9.709
0 157 7.399
0 166 8.49
0 171 3.647
0 172 0.629
0 178 7.097
0 181 4.842
0 182 8.487
0 184 5.061
0 189 2.303
0 210 6.792
0 222 1.86
0 228 5.752
0 234 9.885
0 243 2.55
0 257 9.986
0 275 7.769
0 279 9.191
0 282 0.3
0 302 4.859
0 323 1.918
0 325 7.154
0 329 6.803
0 341 0.935
0 349 4.66
0 352 5.785
0 376 7.423
0 390 5.566
0 395 5.527
0 398 2.144
0 401 3.78
0 417 2.518
0 432 4.747
0 445 6.899
0 473 1.093
0 524 6.716
0 530 6.898
0 563 4.216
0 576 2.422
0 596 3.474
0 597 6.929
0 598 5.69
0 599 8.146
0 613 9.951
0 614 3.058
0 618 3.844
0 657 9.722
0 674 0.103
0 676 7.132
0 684 1.854
0 708 8.588
0 730 9.328
0 749 0.737
0 753 5.601
0 764 9.197
0 770 7.551
0 780 4.279
0 879 4.965
0 880 7.382
0 910 2.436
0 924 5.464
0 949 2.466
0 954 6.745
0 966 3.876
0 973 7.778
0 981 4.83
1 5 4.783
1 10 2.199
1 12 9.845
1 14 2.511
1 15 2.554
1 17 2.071
1 18 5.451
1 22 0.268
1 27 7.377
1 28 4.027
1 32 5.322
1 46 5.09
1 48 0.925
1 49 1.98
1 50 9.705
1 52 4.553
1 59 8.236
1 61 3.145
1 70 5.535
1 74 9.531
1 82 4.02
1 87 6.76
1 89 5.467
1 94 4.834
1 97 0.401
1 101 1.573
1 102 2.905
1 104 0.713
1 105 2.939
1 106 5.149
1 110 9.91
1 113 4.878
1 117 1.252
1 119 5.775
1 121 7.015
1 123 4.134
1 125 9.425
1 128 9.052
1 129 8.699
1 131 9.816
1 132 7.644
1 141 8.257
1 144 3.435
1 145 6.865
1 147 0.713
1 152 3.38
1 158 2.375
1 161 8.953
1 162 3.523
1 169 5.634
1 172 2.919
1 173 1.16
1 177 7.896
1 179 8.047
1 188 6.94
1 195 6.253
1 199 9.292
1 200 1.38
1 206 0.706
1 210 8.206
1 213 5.267
1 223 4.517
1 231 0.771
1 240 1.73
1 252 8.267
1 265 7.823
1 270 4.35
1 271 2.681
1 276 8.397
1 278 9.502
1 281 9.248
1 291 9.369
1 302 1.132
1 305 9.461
1 316 0.332
1 325 8.2
1 333 7.432
1 335 8.706
1 349 6.26
1 350 5.064
1 355 9.068
1 356 7.328
1 358 3.404
1 377 5.175
1 382 7.361
1 386 3.907
1 392 7.844
1 398 7.938
1 405 5.595
1 423 2.554
1 427 6.316
1 430 7.558
1 440 6.502
1 442 0.206
1 444 5.569
1 452 3.626
1 468 4.526
1 474 5.282
1 488 3.598
1 498 4.112
1 506 0.314
1 513 6.381
1 516 0.789
1 524 6.144
1 528 0.116
1 561 3.627
1 564 3.135
1 568 0.477
1 574 1.905
1 591 9.618
1 596 2.279
1 598 0.422
1 603 4.043
1 620 4.152
1 626 8.514
1 646 4.225
1 655 7.39
1 657 5.672
1 660 3.575
1 665 0.661
1 668 1.368
1 681 0.344
1 688 6.1
1 694 0.593
1 704 6.342
1 707 1.155
1 713 6.462
1 717 6.401
1 722 1.128
1 728 5.141
1 749 3.272
1 761 4.803
1 785 3.896
1 806 6.659
1 833 9.909
1 906 3.24
1 907 5.929
1 908 9.189
1 909 8.554
1 913 5.658
1 927 1.772
1 929 1.546
1 940 5.224
1 943 2.351
1 944 1.423
1 946 3.792
1 969 0.883
1 975 4.593
1 980 2.188
1 983 6.827
1 992 8.083
1 995 8.054
2 5 9.933
2 6 7.27
2 7 4.236
2 8 1.919
2 9 8.99
2 11 4.721
2 12 8.532
2 13 2.668
2 14 8.966
2 15 0.753
2 23 8.987
2 32 6.627
2 33 5.034
2 38 3.264
2 39 0.151
2 43 0.149
2 44 1.886
2 46 4.374
2 53 6.605
2 60 8.538
2 62 8.005
2 74 7.189
2 76 8.546
2 77 4.197
2 86 5.417
2 96 0.857
2 109 7.091
2 110 3.224
2 112 2.333
2 126 2.623
2 128 6.453
2 131 5.004
2 136 9.259
2 143 8.901
2 157 2.581
2 162 6.595
2 173 9.419
2 177 5.063
2 179 5.305
2 181 2.138
2 182 1.25
2 188 5.348
2 215 6.97
2 224 8.365
2 236 7.575
2 238 3.903
2 242 1.56
2 256 7.335
2 262 4.147
2 272 3.033
2 297 4.048
2 301 0.788
2 312 3.972
2 318 6.125
2 319 8.072
2 327 4.657
2 345 5.406
2 351 4.7
2 358 9.425
2 365 4.574
2 388 8.991
2 399 3.675
2 401 5.413
2 402 2.563
2 413 5.075
2 415 1.717
2 433 0.94
2 434 9.533
2 438 5.175
2 439 6.653
2 441 2.198
2 443 4.159
2 444 1.701
2 451 9.291
2 452 1.018
2 465 4.934
2 471 6.79
2 479 6.148
2 487 0.841
2 489 1.488
2 494 6.752
2 497 0.137
2 502 3.649
2 504 2.904
2 505 3.074
2 515 2.237
2 542 9.913
2 543 0.341
2 546 6.669
2 549 7.761
2 560 0.674
2 569 1.373
2 573 6.727
2 597 7.761
2 634 9.484
2 635 1.951
2 668 0.723
2 691 8.992
2 707 1.344
2 712 7.787
2 713 6.328
2 719 8.782
2 727 1.397
2 737 5.216
2 755 1.322
2 785 5.243
2 791 8.967
2 814 9.345
2 821 7.211
2 822 3.392
2 824 1.434
2 835 7.654
2 839 7.39
2 867 2.442
2 875 4.087
2 879 2.288
2 888 5.664
2 918 2.762
2 924 1.259
2 925 7.978
2 970 5.737
2 997 6.163
2 998 7.774
3 5 1.74
3 6 0.419
3 8 5.91
3 11 1.677
3 19 3.156
3 29 5.86
3 31 5.726
3 38 4.092
3 41 4.695
3 47 3.034
3 50 8.401
3 55 6.592
3 73 1.783
3 105 8.574
3 148 8.11
3 155 1.611
3 163 7.93
3 167 7.54
3 169 4.152
3 181 6.404
3 192 9.519
3 227 3.281
3 271 6.096
3 285 9.547
3 293 2.302
3 295 0.661
3 308 5.847
3 324 4.167
3 330 0.422
3 347 7.457
3 374 6.596
3 400 7.034
3 447 9.213
3 450 6.949
3 456 3.413
3 481 0.667
3 482 9.054
3 500 7.883
3 551 1.53
3 591 2.203
3 597 8.259
3 622 8.729
3 628 2.64
3 662 3.438
3 741 9.798
3 748 2.641
3 767 9.724
3 780 8.736
3 844 6.29
3 892 9.759
3 911 5.72
3 937 3.646
3 958 1.842
3 961 8.343
4 5 6.295
4 6 1.844
4 7 2.641
4 9 2.79
4 12 2.469
4 15 4.91
4 17 2.397
4 19 5.538
4 20 7.536
4 28 3.129
4 31 8.19
4 51 1.276
4 86 2.089
4 89 1.609
4 104 0.344
4 128 1.186
4 134 8.757
4 137 3.454
4 155 9.308
4 170 1.978
4 171 5.643
4 214 0.243
4 249 9.537
4 258 1.521
4 266 1.811
4 275 0.84
4 280 8.733
4 293 6.22
4 314 9.315
4 336 1.961
4 344 5.273
4 348 3.295
4 364 9.539
4 379 0.986
4 450 9.008
4 456 6.212
4 460 3.517
4 494 9.581
4 518 6.731
4 530 5.21
4 544 3.235
4 560 5.851
4 609 9.733
4 642 5.41
4 697 9.165
4 734 7.824
4 749 7.303
4 754 4.559
4 765 1.242
4 809 2.998
4 819 5.848
4 840 3.242
4 882 5.481
4 896 9.789
4 923 1.732
4 993 2.673
4 999 3.166
5 6 7.561
5 7 5.945
5 8 2.699
5 9 3.598
5 10 0.115
5 13 4.345
5 14 0.44
5 15 9.461
5 16 2.672
5 18 6.098
5 19 8.785
5 20 7.191
5 22 7.682
5 23 4.154
5 24 7.191
5 25 8.587
5 28 1.806
5 33 5.374
5 35 1.927
5 40 3.077
5 43 6.642
5 49 8.633
5 50 2.722
5 59 6.16
5 62 8.238
5 66 7.658
5 67 7.984
5 69 6.69
5 76 9.709
5 79 9.958
5 82 4.858
5 84 4.033
5 86 9.809
5 88 8.225
5 90 6.446
5 91 5.791
5 97 3.436
5 99 2.19
5 101 4.063
5 102 7.174
5 104 2.941
5 105 5.9
5 107 1.491
5 112 2.05
5 117 5.019
5 123 5.627
5 142 7.78
5 144 9.696
5 148 8.744
5 159 7.353
5 160 3.037
5 165 6.028
5 167 2.056
5 168 7.6
5 185 2.885
5 191 2.939
5 196 0.238
5 200 9.784
5 207 3.188
5 217 8.524
5 223 4.215
5 232 8.875
5 237 8.845
5 240 6.909
5 246 4.127
5 247 7.914
5 248 4.761
5 260 0.14
5 263 9.825
5 286 8.008
5 289 7.114
5 315 7.844
5 320 6.415
5 344 5.21
5 372 8.906
5 383 0.213
5 387 5.824
5 409 1.37
5 410 6.417
5 420 1.526
5 421 9.808
5 428 5.127
5 448 8.838
5 456 4.032
5 459 0.527
5 464 3.199
5 466 8.735
5 467 3.04
5 488 2.823
5 489 4.778
5 515 7.295
5 532 7.143
5 535 1.693
5 548 0.922
5 560 0.499
5 573 2.48
5 575 4.272
5 587 8.611
5 594 8.147
5 639 3.865
5 648 6.939
5 652 8.637
5 667 9.677
5 683 9.828
5 690 8.448
5 702 4.749
5 703 7.714
5 709 9.312
5 730 2.805
5 736 2.054
5 740 8.198
5 742 8.172
5 779 5.308
5 796 7.975
5 800 1.327
5 802 8.362
5 804 2.659
5 830 8.066
5 840 2.486
5 841 3.323
5 845 7.266
5 851 1.035
5 854 9.122
5 855 5.798
5 859 2.978
5 874 7.306
5 881 7.084
5 888 7.998
5 914 4.241
5 959 7.243
5 979 9.799
5 985 5.619
5 999 6.962
6 7 1.484
6 10 8.769
6 11 6.264
6 12 2.801
6 13 7.163
6 14 8.286
6 17 0.949
6 18 0.808
6 19 2.505
6 21 0.272
6 22 6.266
6 25 9.973
6 26 9.055
6 27 4.361
6 33 2.916
6 34 1.008
6 35 2.051
6 36 6.3
6 39 3.788
6 41 3.141
6 42 9.484
6 43 6.918
6 45 4.296
6 47 6.76
6 48 1.996
6 54 6.473
6 57 7.553
6 58 4.365
6 60 9.47
6 62 8.328
6 66 2.23
6 68 6.95
6 73 4.631
6 77 7.368
6 79 5.891
6 80 2.445
6 81 4.221
6 83 1.253
6 93 8.422
6 100 7.067
6 109 1.633
6 119 7.835
6 122 4.226
6 123 7.57
6 149 1.554
6 153 3.403
6 159 6.807
6 162 3.508
6 165 3.312
6 197 2.38
6 201 9.402
6 202 0.543
6 205 2.557
6 207 3.034
6 217 4.83
6 221 3.766
6 222 5.151
6 224 7.836
6 230 5.377
6 233 1.64
6 234 8.056
6 239 2.95
6 243 3.775
6 256 6.332
6 261 6.162
6 267 0.137
6 269 4.537
6 275 8.724
6 280 7.17
6 281 7.872
6 283 4.738
6 284 1.336
6 291 5.185
6 298 5.726
6 313 4.79
6 325 3.212
6 328 0.21
6 339 9.456
6 342 1.431
6 343 8.957
6 347 2.435
6 358 1.849
6 360 4.371
6 369 5.894
6 373 0.501
6 380 6.571
6 414 4.142
6 423 3.021
6 431 8.215
6 438 2.876
6 470 2.08
6 475 1.129
6 476 4.001
6 482 3.936
6 521 3.042
6 522 4.215
6 556 5.321
6 558 5.784
6 565 3.768
6 588 7.414
6 599 1.805
6 605 9.975
6 611 1.517
6 615 7.921
6 622 3.801
6 623 3.704
6 626 9.953
6 627 9.679
6 634 2.452
6 635 5.116
6 645 6.295
6 656 6.427
6 658 8.333
6 662 7.434
6 663 5.084
6 673 0.701
6 679 1.961
6 682 8.754
6 724 4.979
6 732 4.661
6 735 9.796
6 754 0.555
6 758 2.599
6 761 8.482
6 766 5.498
6 773 5.378
6 795 8.984
6 813 0.675
6 822 2.489
6 825 5.92
6 826 2.36
6 829 5.396
6 834 3.477
6 837 7.471
6 840 9.218
6 847 3.489
6 852 2.796
6 856 4.304
6 866 3.955
6 872 3.485
6 877 9.229
6 883 2.068
6 905 5.573
6 914 1.085
6 919 6.501
6 920 2.987
6 941 8.815
6 945 9.447
7 21 4.964
7 26 6.612
7 29 5.771
7 31 5.757
7 36 3.038
7 41 9.797
7 51 8.044
7 56 4.407
7 57 2.472
7 67 8.878
7 69 4.218
7 79 2.22
7 86 8.227
7 90 8.326
7 101 8.567
7 112 5.921
7 114 8.748
7 135 5.022
7 169 9.043
7 170 3.718
7 183 1.891
7 214 6.006
7 229 4.895
7 244 3.342
7 312 7.371
7 316 8.113
7 321 7.909
7 333 2.962
7 334 2.032
7 335 6.111
7 336 6.275
7 337 0.397
7 342 2.039
7 343 8.881
7 350 0.442
7 375 6.614
7 408 1.891
7 411 9.677
7 429 2.975
7 433 3.137
7 441 5.232
7 460 9.255
7 485 3.02
7 505 7.667
7 534 1.521
7 542 5.246
7 557 4.995
7 580 4.12
7 617 9.083
7 627 1.904
7 628 6.234
7 631 8.184
7 686 7.266
7 687 7.825
7 698 9.957
7 731 6.757
7 737 0.909
7 748 4.704
7 752 4.447
7 796 3.157
7 853 8.847
7 864 8.231
7 873 5.974
7 889 9.22
7 893 1.103
7 914 6.394
7 961 3.355
7 977 7.146
8 11 2.802
8 15 7.369
8 17 3.251
8 23 9.833
8 28 4.045
8 29 0.372
8 32 7.393
8 45 9.615
8 54 7.416
8 57 9.308
8 75 3.943
8 84 8.783
8 87 0.998
8 99 0.852
8 111 1.69
8 139 6.393
8 140 9.591
8 144 8.038
8 155 1.071
8 160 3.545
8 163 4.221
8 182 9.448
8 184 3.412
8 192 8.264
8 196 3.92
8 203 0.202
8 219 9.458
8 222 6.306
8 235 3.759
8 252 9.121
8 262 5.64
8 273 1.928
8 291 2.742
8 310 0.323
8 314 9.638
8 315 4.695
8 334 3.382
8 356 7.612
8 367 7.314
8 379 6.488
8 396 7.005
8 411 4.184
8 432 3.981
8 434 6.432
8 464 6.071
8 489 6.779
8 518 0.482
8 553 3.516
8 566 1.196
8 627 5.673
8 636 5.544
8 641 8.941
8 650 3.618
8 654 7.678
8 667 6.515
8 668 3.99
8 712 0.78
8 721 6.221
8 723 1.89
8 747 7.393
8 796 0.366
8 831 6.359
8 850 9.303
8 866 6.347
8 869 3.007
8 898 2.425
8 905 7.93
8 925 6.172
8 958 7.523
9 10 5.762
9 11 5.708
9 13 8.346
9 14 9.198
9 18 8.122
9 21 6.952
9 24 0.783
9 26 2.263
9 31 7.205
9 34 8.545
9 37 4.758
9 39 8.636
9 40 9.047
9 47 9.75
9 53 9.339
9 57 1.87
9 60 5.94
9 61 5.143
9 64 7.748
9 65 4.594
9 66 5.367
9 71 2.968
9 73 1.447
9 75 1.083
9 84 6.839
9 92 3.952
9 97 2.26
9 109 4.882
9 112 1.642
9 115 8.194
9 132 1.032
9 133 9.127
9 134 3.731
9 140 2.208
9 152 8.663
9 156 4.871
9 160 8.03
9 161 2.993
9 179 0.767
9 184 7.512
9 186 0.828
9 201 8.052
9 227 9.726
9 230 7.544
9 242 9.707
9 272 7.981
9 273 1.463
9 274 4.292
9 277 7.44
9 292 6.57
9 299 2.417
9 307 9.551
9 310 4.611
9 380 2.992
9 403 3.59
9 405 9.161
9 415 3.905
9 416 5.236
9 422 3.532
9 424 0.392
9 425 6.527
9 441 3.264
9 473 0.411
9 484 7.087
9 487 0.362
9 506 4.049
9 547 5.329
9 562 6.121
9 577 9.383
9 587 9.918
9 594 2.868
9 601 8.552
9 620 3.65
9 623 0.253
9 641 4.667
9 642 4.094
9 656 2.32
9 691 2.777
9 695 3.09
9 716 4.915
9 734 9.095
9 738 3.394
9 743 1.814
9 745 4.624
9 753 4.952
9 762 2.125
9 778 1.803
9 827 7.181
9 842 8.464
9 852 7.223
9 871 1.778
9 879 1.281
9 882 2.831
9 887 6.054
9 903 4.492
9 926 6.63
9 953 3.795
9 965 8.815
9 978 6.385
10 12 2.057
10 16 7.38
10 22 0.733
10 25 7.022
10 30 4.751
10 103 0.423
10 106 3.678
10 109 0.367
10 132 7.602
10 143 6.885
10 146 0.778
10 154 4.873
10 174 5.029
10 178 1.509
10 192 6.02
10 194 8.371
10 222 8.534
10 254 1.674
10 257 5.815
10 260 0.994
10 268 7.308
10 282 5.473
10 311 9.018
10 317 6.208
10 363 7.267
10 372 4.216
10 374 6.954
10 412 2.412
10 440 5.664
10 491 5.091
10 503 8.347
10 528 2.903
10 530 7.977
10 546 0.567
10 550 6.251
10 581 8.801
10 620 7.066
10 633 0.424
10 654 5.861
10 672 8.616
10 693 5.677
10 704 7.063
10 716 6.63
10 776 2.348
10 810 9.33
10 827 0.365
10 833 2.163
10 902 5.664
10 983 1.446
10 991 7.917
11 16 2.515
11 20 4.894
11 24 4.045
11 40 3.041
11 47 3.059
11 51 4.329
11 62 6.239
11 63 1.67
11 67 7.567
11 72 6.195
11 74 1.124
11 88 9.855
11 108 5.662
11 125 7.455
11 131 3.715
11 135 0.788
11 140 8.741
11 146 2.183
11 156 8.479
11 171 0.167
11 192 3.01
11 201 2.59
11 226 3.969
11 247 9.546
11 251 1.582
11 264 7.997
11 283 8.424
11 287 0.187
11 299 5.439
11 305 8.076
11 323 8.152
11 339 2.451
11 341 1.433
11 363 1.657
11 382 8.986
11 387 4.253
11 418 4.784
11 419 7.927
11 443 4.12
11 501 5.437
11 527 2.925
11 537 1.286
11 559 2.021
11 570 5.677
11 600 0.288
11 613 2.843
11 679 6.343
11 707 3.568
11 713 5.867
11 742 1.384
11 769 5.19
11 807 9.967
11 818 8.709
11 841 2.615
11 866 3.422
11 893 2.715
11 918 8.586
11 932 8.495
11 950 4.834
11 967 9.394
11 994 7.03
11 998 0.676
12 16 2.043
12 27 9.101
12 30 0.682
12 31 6.844
12 35 6.015
12 36 5.762
12 41 4.943
12 45 7.046
12 49 4.007
12 54 8.995
12 76 8.725
12 109 4.746
12 158 8.057
12 171 8.444
12 178 4.846
12 198 4.368
12 204 9.444
12 205 5.245
12 236 8.887
12 240 5.335
12 254 3.67
12 319 3.011
12 348 5.596
12 374 6.384
12 485 7.456
12 503 4.276
12 510 6.188
12 628 3.148
12 661 3.651
12 680 5.993
12 688 2.67
12 710 7.675
12 718 2.382
12 720 7.774
12 739 0.693
12 771 8.58
12 793 5.74
12 815 8.108
12 946 9.401
12 955 1.515
12 971 3.919
13 17 0.159
13 18 2.134
13 21 2.253
13 30 3.095
13 41 0.564
13 53 4.487
13 63 4.998
13 85 4.053
13 93 9.182
13 104 0.625
13 127 8.981
13 138 0.424
13 146 5.686
13 151 7.291
13 152 0.884
13 160 9.835
13 174 7.945
13 175 1.859
13 180 9.204
13 183 5.811
13 223 0.794
13 271 6.885
13 274 4.594
13 296 1.241
13 314 5.711
13 361 5.536
13 368 8.665
13 378 9.847
13 379 1.631
13 399 2.746
13 424 2.232
13 439 7.454
13 457 0.517
13 483 8.892
13 491 1.354
13 516 4.548
13 518 7.546
13 524 7.185
13 536 7.579
13 569 1.891
13 572 8.038
13 589 6.135
13 607 3.448
13 608 6.422
13 616 9.985
13 639 7.926
13 653 4.402
13 659 9.711
13 664 3.507
13 687 8.675
13 704 0.707
13 718 9.891
13 746 4.717
13 808 8.872
13 812 0.411
13 836 5.339
13 945 0.942
14 23 5.464
14 24 4.396
14 25 5.761
14 27 0.419
14 44 8.96
14 45 2.549
14 82 6.528
14 86 4.092
14 115 9.502
14 128 2.367
14 148 3.516
14 208 2.712
14 242 7.664
14 258 5.22
14 292 3.452
14 311 7.59
14 542 7.434
14 863 4.283
14 867 6.626
14 907 3.545
15 20 9.223
15 44 9.034
15 121 8.585
15 130 9.934
15 168 5.361
15 200 8.309
15 303 4.38
15 305 3.178
15 313 6.74
15 337 1.813
15 379 7.176
15 383 9.737
15 388 3.47
15 478 0.345
15 552 4.808
15 582 9.105
15 624 7.331
15 665 3.54
15 696 0.335
15 853 2.641
16 22 7.694
16 33 4.277
16 77 4.928
16 108 9.478
16 161 4.818
16 169 7.728
16 175 2.163
16 206 1.304
16 225 2.045
16 270 8.804
16 279 7.506
16 384 6.317
16 393 3.413
16 398 3.208
16 404 5.165
16 415 3.063
16 471 8.79
16 646 1.957
16 653 5.016
16 672 9.953
16 849 3.86
16 899 8.123
16 921 4.212
16 951 9.05
16 952 4.241
16 972 1.885
16 981 3.525
17 26 7.895
17 27 7.372
17 28 8.786
17 29 7.937
17 37 1.085
17 49 7.915
17 54 5.881
17 63 1.761
17 77 2.634
17 78 5.524
17 186 1.162
17 188 4.795
17 194 4.542
17 234 2.126
17 235 9.563
17 237 3.12
17 273 2.13
17 276 5.578
17 285 5.909
17 291 4.449
17 306 0.924
17 330 6.902
17 353 0.692
17 378 8.6
17 470 6.164
17 484 3.683
17 574 2.914
17 582 3.069
17 660 5.268
17 723 1.191
17 780 9.864
17 784 4.153
17 843 8.155
17 852 1.408
17 855 0.352
17 928 8.657
17 937 3.712
17 959 1.016
18 34 7.875
18 48 1.557
18 94 0.194
18 113 8.41
18 125 2.562
18 151 5.897
18 158 9.883
18 177 8.412
18 217 7.631
18 226 0.849
18 262 0.507
18 296 8.686
18 297 3.263
18 427 0.268
18 433 2.499
18 458 1.234
18 680 7.165
18 813 2.827
19 20 4.199
19 21 9.55
19 34 2.858
19 61 0.78
19 81 0.672
19 88 9.811
19 133 0.333
19 141 7.982
19 145 7.197
19 221 1.549
19 263 0.115
19 264 0.683
19 302 1.993
19 450 8.519
19 519 0.653
19 537 7.759
19 606 1.289
19 673 4.232
19 807 6.74
19 830 4.475
19 885 2.96
19 903 1.4
20 40 2.655
20 64 0.476
20 130 7.58
20 138 0.251
20 141 6.767
20 212 3.045
20 223 4.097
20 264 7.543
20 285 9.686
20 429 6.208
20 547 2.224
20 585 0.675
20 586 7.225
20 648 4.287
20 678 0.812
20 803 0.267
20 934 7.563
21 33 1.458
21 34 5.924
21 35 9.56
21 42 1.545
21 83 3.713
21 105 2.556
21 149 2.943
21 184 1.009
21 217 3.19
21 239 7.922
21 260 2.319
21 265 8.107
21 279 4.037
21 339 0.583
21 376 3.014
21 397 5.332
21 425 1.717
21 499 9.825
21 512 8.66
21 659 5.779
21 694 6.204
21 838 8.577
21 945 6.383
21 985 8.772
22 26 2.459
22 58 2.641
22 65 9.182
22 71 5.532
22 124 3.702
22 132 2.262
22 214 5.818
22 362 7.637
22 394 8.261
22 499 0.868
22 594 6.371
22 752 9.234
22 756 2.796
22 760 8.926
22 912 3.612
23 25 9.421
23 39 1.256
23 45 8.33
23 64 3.257
23 85 7.172
23 97 0.453
23 120 4.734
23 137 8.465
23 166 9.746
23 208 9.03
23 269 6.623
23 310 3.21
23 311 1.932
23 320 3.477
23 451 4.825
23 517 1.781
23 582 2.183
23 625 1.461
23 643 1.512
23 679 7.94
23 728 3.815
23 778 1.016
23 793 6.589
23 821 3.159
23 857 2.012
23 860 9.111
23 927 3.491
24 32 0.304
24 38 5.929
24 40 6.784
24 51 1.761
24 56 2.607
24 60 7.78
24 209 7.866
24 257 2.256
24 344 5.222
24 436 7.405
24 454 3.575
24 542 9.32
24 571 4.229
24 610 2.405
24 722 8.368
24 777 2.835
24 823 5.753
25 75 9.289
25 120 0.409
25 200 1.979
25 292 5.37
25 611 6.384
25 701 6.455
26 30 3.447
26 94 3.99
26 124 3.93
26 280 0.958
26 362 8.959
26 554 5.162
26 574 0.864
26 621 5.537
26 711 3.236
26 764 3.297
26 765 6.978
26 812 3.178
27 46 3.603
27 48 7.248
27 64 9.465
27 111 1.724
27 129 7.25
27 146 6.623
27 147 9.656
27 156 4.009
27 163 7.754
27 200 5.838
27 212 7.674
27 235 9.83
27 276 1.455
27 316 9.524
27 338 3.587
27 440 0.754
27 512 6.632
27 569 8.064
27 798 7.794
27 998 6.368
28 37 1.173
28 63 9.009
28 81 7.761
28 101 8.642
28 300 8.641
28 353 3.249
28 383 1.69
28 512 6.63
28 601 1.219
28 724 6.637
28 793 8.935
28 906 2.082
28 959 7.875
28 976 3.565
29 36 3.309
29 68 2.784
29 70 8.052
29 81 9.374
29 87 6.759
29 173 6.994
29 175 0.983
29 199 9.617
29 243 8.409
29 267 7.677
29 308 9.409
29 351 0.811
29 470 9.708
29 509 2.386
29 643 4.604
29 937 1.763
30 37 1.591
30 100 7.489
30 216 1.774
30 445 7.212
30 613 9.0
30 899 7.845
31 32 9.456
31 67 8.475
31 73 8.382
31 75 2.85
31 193 6.341
31 238 9.928
31 272 6.874
31 534 1.804
31 617 2.463
31 798 0.815
32 39 1.824
32 42 3.885
32 43 4.857
32 44 3.212
32 46 1.953
32 48 8.165
32 52 8.383
32 56 8.856
32 59 3.958
32 60 8.068
32 78 7.482
32 94 1.575
32 108 5.359
32 118 1.178
32 121 0.464
32 144 1.352
32 167 7.077
32 189 7.18
32 194 9.266
32 197 0.925
32 212 3.371
32 220 0.655
32 227 3.805
32 231 8.594
32 245 1.25
32 248 7.654
32 270 7.945
32 278 4.834
32 284 7.283
32 307 7.141
32 366 7.693
32 369 7.577
32 371 6.173
32 387 4.323
32 388 6.393
32 391 9.02
32 401 4.37
32 458 9.832
32 474 3.363
32 492 7.931
32 494 0.251
32 521 2.695
32 527 6.18
32 531 5.32
32 538 2.818
32 551 7.246
32 585 8.123
32 588 7.795
32 608 2.423
32 648 9.592
32 653 3.81
32 683 1.855
32 688 5.147
32 825 9.722
32 829 2.403
32 838 5.324
32 847 2.291
32 849 0.453
32 875 6.594
32 894 3.426
32 930 8.422
32 933 3.1
32 966 4.009
33 38 8.284
33 42 0.499
33 44 2.279
33 59 6.225
33 62 4.226
33 66 7.788
33 80 5.302
33 95 3.663
33 96 1.172
33 103 4.706
33 105 5.016
33 134 7.045
33 137 9.014
33 143 1.058
33 149 1.637
33 164 3.16
33 190 9.224
33 195 3.31
33 258 9.187
33 261 3.574
33 275 5.03
33 298 1.41
33 355 3.847
33 400 9.551
33 413 4.0
33 457 8.431
33 461 6.083
33 469 2.051
33 476 9.742
33 479 2.751
33 496 5.892
33 510 0.567
33 537 1.452
33 552 7.964
33 580 1.348
33 657 5.449
33 693 4.958
33 784 9.597
33 789 4.768
33 815 5.829
33 828 7.953
33 838 9.159
33 849 6.494
33 858 3.395
33 921 9.73
33 951 2.48
33 963 2.63
33 972 4.341
33 988 7.96
34 53 8.619
34 54 9.129
34 56 7.604
34 65 1.725
34 74 8.964
34 95 9.795
34 114 6.955
34 118 5.266
34 166 4.965
34 186 9.591
34 188 9.246
34 216 8.066
34 232 3.554
34 289 2.202
34 309 1.229
34 382 0.116
34 396 8.57
34 536 9.173
34 555 1.84
34 556 8.912
34 593 3.031
34 675 5.815
34 694 9.619
34 731 3.286
34 745 7.548
34 763 7.439
34 795 9.437
34 813 5.851
34 856 3.96
34 927 8.895
34 962 1.809
34 982 4.916
34 996 8.098
35 107 2.219
35 141 5.276
35 257 4.853
35 390 8.614
35 406 0.769
35 536 4.082
35 607 5.804
35 615 7.265
35 638 7.841
35 771 2.442
35 801 8.824
35 811 1.424
35 819 9.308
35 956 3.137
36 37 2.621
36 51 3.754
36 52 8.012
36 55 7.173
36 70 6.17
36 71 8.47
36 93 5.84
36 98 3.292
36 119 4.252
36 140 8.013
36 142 3.912
36 147 1.565
36 150 6.898
36 175 7.132
36 177 0.135
36 182 8.149
36 197 9.487
36 198 2.623
36 212 4.1
36 226 0.241
36 228 8.418
36 229 0.997
36 233 5.532
36 255 4.048
36 266 0.851
36 273 8.53
36 282 9.962
36 285 0.738
36 294 9.795
36 302 8.197
36 325 7.379
36 342 5.253
36 346 8.388
36 348 2.86
36 402 1.065
36 409 5.702
36 416 6.801
36 420 9.008
36 463 0.125
36 476 6.956
36 519 7.068
36 526 7.767
36 559 8.446
36 563 8.222
36 566 9.139
36 574 5.285
36 577 6.37
36 580 4.286
36 585 7.279
36 603 2.51
36 612 6.949
36 638 1.114
36 670 5.73
36 721 3.927
36 729 2.65
36 733 7.823
36 734 1.922
36 735 4.331
36 744 3.344
36 753 9.986
36 765 9.271
36 807 2.41
36 831 2.875
36 840 9.833
36 843 6.888
36 853 6.548
36 880 4.309
36 894 4.912
36 911 8.564
36 912 9.993
36 969 5.194
36 971 9.472
36 990 4.296
37 65 0.437
37 151 8.088
37 159 9.686
37 199 1.636
37 225 9.504
37 237 6.596
37 241 3.904
37 306 5.103
37 323 8.894
37 338 5.736
37 392 7.333
37 397 1.652
37 445 9.541
37 711 6.502
37 782 6.377
37 787 1.921
37 870 1.81
37 891 9.275
37 893 3.277
37 909 0.221
37 994 9.403
38 42 0.879
38 50 5.8
38 55 8.048
38 67 4.752
38 91 8.685
38 95 5.038
38 100 3.432
38 102 7.282
38 116 0.624
38 117 2.012
38 122 4.385
38 129 2.716
38 161 9.992
38 167 0.674
38 168 6.425
38 179 6.045
38 187 7.719
38 218 3.905
38 229 7.487
38 236 1.422
38 259 3.196
38 308 9.205
38 318 1.719
38 373 8.996
38 414 4.836
38 447 0.501
38 504 0.583
38 568 3.028
38 570 3.092
38 588 0.653
38 602 4.046
38 607 6.763
38 630 4.621
38 652 7.831
38 655 8.456
38 662 3.473
38 678 5.172
38 687 3.7
38 708 2.252
38 729 8.684
38 745 4.945
38 769 7.76
38 773 6.572
38 782 7.49
38 788 1.242
38 804 5.238
38 812 8.013
38 814 8.877
38 832 5.897
38 858 6.318
38 872 4.174
38 873 7.306
38 893 1.075
38 905 2.682
38 912 8.781
38 974 3.651
38 988 4.562
39 43 3.3
39 55 0.235
39 59 2.489
39 64 1.565
39 69 4.784
39 72 3.59
39 76 0.689
39 81 3.485
39 82 8.764
39 83 4.525
39 84 5.102
39 85 9.426
39 91 5.493
39 103 4.058
39 110 9.282
39 116 7.151
39 120 8.788
39 123 0.172
39 126 7.548
39 130 2.944
39 138 3.877
39 149 6.27
39 153 1.203
39 158 7.357
39 185 6.801
39 187 5.124
39 225 6.215
39 228 3.681
39 234 6.579
39 235 3.646
39 253 1.144
39 270 4.664
39 284 2.157
39 299 4.524
39 301 7.04
39 307 6.954
39 310 2.388
39 318 3.543
39 322 9.401
39 324 3.876
39 326 4.706
39 343 0.16
39 371 5.898
39 380 7.369
39 397 3.323
39 404 7.107
39 412 7.527
39 455 7.112
39 467 8.267
39 474 2.624
39 480 5.197
39 491 2.58
39 521 5.821
39 527 7.653
39 555 2.042
39 562 1.86
39 575 1.966
39 579 6.74
39 626 5.361
39 654 3.1
39 657 3.519
39 682 6.728
39 702 1.75
39 703 9.523
39 736 2.892
39 786 3.511
39 787 1.401
39 801 1.311
39 806 4.257
39 808 7.828
39 845 8.864
39 894 9.639
39 904 6.246
39 906 0.711
39 910 0.821
39 930 4.746
39 934 4.901
40 49 8.597
40 58 1.279
40 68 3.135
40 72 6.589
40 78 2.533
40 79 3.303
40 84 1.084
40 90 0.195
40 92 0.684
40 98 1.687
40 113 4.539
40 133 6.422
40 164 8.81
40 165 6.065
40 168 9.446
40 193 7.6
40 204 1.94
40 214 4.388
40 226 9.478
40 244 6.868
40 265 0.227
40 278 3.735
40 286 0.728
40 289 6.174
40 335 7.607
40 338 0.431
40 364 3.648
40 428 9.553
40 430 9.438
40 449 2.404
40 480 9.417
40 501 0.179
40 517 3.908
40 539 5.645
40 547 0.311
40 613 6.818
40 618 2.81
40 668 4.246
40 692 7.899
40 733 0.141
40 879 7.82
40 885 0.301
40 891 2.864
40 895 9.619
41 90 4.052
41 205 5.94
41 306 0.99
41 468 3.106
41 485 3.631
41 720 8.323
41 984 0.636
42 46 8.108
42 58 5.813
42 93 4.499
42 117 5.726
42 122 7.954
42 145 9.753
42 184 6.808
42 190 1.935
42 217 1.519
42 245 4.33
42 249 4.34
42 263 4.281
42 265 4.262
42 303 4.275
42 317 9.032
42 322 0.828
42 340 2.775
42 351 0.764
42 479 3.69
42 483 6.387
42 503 1.042
42 531 7.731
42 541 7.481
42 549 0.271
42 566 8.062
42 612 7.479
42 633 7.102
42 640 7.109
42 670 0.603
42 726 8.391
42 860 6.332
42 916 9.608
42 931 9.127
42 943 6.433
42 957 4.844
42 982 1.479
43 69 0.353
43 91 2.795
43 121 5.894
43 351 0.169
43 380 8.288
43 412 2.845
43 453 5.266
43 498 8.554
43 515 5.484
43 605 2.216
43 681 5.237
43 730 1.002
44 66 3.655
44 70 0.864
44 76 8.522
44 80 9.479
44 96 0.968
44 122 1.72
44 151 3.074
44 210 3.221
44 300 3.515
44 480 8.414
44 684 8.952
44 738 9.723
44 890 2.158
44 897 5.536
45 99 1.659
45 124 8.844
45 130 7.622
45 203 0.436
45 213 5.227
45 220 1.38
45 254 4.831
45 257 1.695
45 322 5.913
45 370 1.24
45 428 6.623
45 436 4.041
45 484 3.021
45 634 7.002
45 824 9.16
46 58 9.975
46 71 3.852
46 145 6.455
46 147 8.313
46 211 3.25
46 246 2.789
46 259 4.409
46 274 4.849
46 391 9.988
46 394 1.13
46 556 8.767
46 607 3.199
46 612 5.813
46 615 9.021
46 670 2.048
46 737 2.125
46 743 9.53
46 848 2.668
46 919 7.438
47 61 2.688
47 68 0.426
47 99 5.639
47 155 7.785
47 201 4.542
47 227 9.956
47 247 5.07
47 283 3.142
47 327 9.18
47 362 2.821
47 414 2.089
47 475 2.871
47 531 4.518
47 535 5.787
47 553 7.121
47 582 0.104
47 631 2.49
47 642 5.813
47 650 7.829
47 685 4.075
47 725 0.443
47 742 6.916
47 804 2.067
47 841 6.219
47 842 2.581
47 918 1.124
47 944 0.4
48 78 0.362
48 106 5.515
48 118 4.802
48 144 0.701
48 158 5.863
48 268 8.389
48 305 1.909
48 834 5.218
48 992 5.979
49 73 6.865
49 95 9.098
49 106 3.722
49 125 9.356
49 129 8.513
49 219 9.82
49 225 1.003
49 269 3.126
49 281 5.357
49 313 5.034
49 449 3.657
49 720 3.789
49 743 6.11
49 756 5.907
49 965 1.522
50 199 6.5
50 208 6.685
50 254 7.828
50 383 2.372
51 63 9.492
51 70 1.679
51 74 8.249
51 113 3.4
51 150 6.878
51 157 8.6
51 167 4.994
51 269 2.662
51 309 1.246
51 311 5.265
51 508 9.57
51 544 7.009
51 606 8.956
51 650 9.0
51 689 3.284
51 731 9.957
51 866 0.836
51 991 6.021
52 88 2.792
52 92 4.273
52 125 2.778
52 254 7.526
52 263 4.444
52 297 1.351
52 435 7.929
52 555 6.842
52 605 9.327
52 671 6.19
52 702 6.603
52 768 4.807
52 779 9.138
53 56 4.73
53 65 0.836
53 78 0.169
53 82 1.456
53 89 9.726
53 114 9.197
53 129 5.808
53 136 8.164
53 160 8.851
53 202 5.237
53 674 9.15
53 766 5.196
53 865 9.938
53 876 7.402
53 924 0.953
53 941 2.332
54 87 2.109
54 139 7.929
54 346 4.248
54 455 7.74
54 485 0.196
54 550 4.526
54 660 2.197
55 130 7.168
55 198 6.229
55 199 3.94
55 332 8.784
55 509 0.363
55 523 6.296
55 672 9.162
55 759 8.372
55 805 3.212
56 245 9.99
56 248 3.283
56 630 5.859
57 139 5.933
57 214 8.743
57 221 3.231
57 298 8.728
57 334 4.632
57 394 0.589
57 407 0.154
58 145 1.15
58 205 3.648
58 442 1.981
58 505 3.335
58 544 5.998
58 634 8.83
58 689 2.179
58 774 8.032
58 898 7.93
58 961 6.887
59 69 5.059
59 72 7.982
59 111 8.378
59 126 5.046
59 133 4.785
59 185 4.232
59 192 6.936
59 204 4.036
59 290 6.657
59 307 7.534
59 636 2.209
59 755 4.071
59 910 7.21
60 71 5.239
60 80 3.293
60 94 4.212
60 108 9.72
60 196 3.841
60 211 7.869
60 277 3.269
60 281 2.825
60 402 7.015
60 421 1.703
61 134 2.085
61 242 8.808
61 449 3.08
61 641 2.22
61 747 7.845
61 758 7.38
62 75 5.239
62 131 4.682
62 162 6.834
62 261 4.395
62 507 6.364
62 750 5.382
62 899 9.006
62 990 8.93
63 108 7.933
63 201 2.126
63 353 9.146
63 695 9.314
63 811 2.343
63 915 0.474
63 953 4.854
64 72 2.687
64 110 2.645
64 138 5.167
64 166 4.123
64 169 7.063
64 183 0.488
64 220 1.294
64 235 9.759
64 238 7.397
64 262 8.973
64 361 4.001
64 366 3.175
64 447 8.083
64 502 3.925
64 679 2.322
64 758 4.26
64 867 6.657
64 964 6.831
65 89 1.035
65 90 9.644
65 114 4.91
65 115 0.609
65 159 4.209
65 202 3.691
65 245 4.262
65 388 5.628
65 390 2.812
65 431 3.166
65 535 7.68
65 562 6.205
65 565 2.101
65 593 0.197
65 641 0.778
65 645 1.515
65 747 0.938
65 767 1.236
65 870 2.627
65 884 2.44
65 979 3.535
66 120 5.22
66 122 0.864
66 153 7.015
66 198 4.281
66 226 7.345
66 328 7.252
66 389 8.025
66 496 6.667
66 679 9.529
66 726 6.975
66 832 2.822
66 882 9.131
66 919 5.785
67 95 0.772
67 127 7.507
67 128 1.377
67 135 2.939
67 219 8.204
67 264 2.53
67 342 9.848
67 384 6.949
67 481 8.321
67 690 2.229
67 709 3.578
67 756 4.314
67 881 7.075
67 992 2.057
68 121 8.324
68 138 5.399
68 312 1.416
68 347 7.483
68 421 3.574
68 839 5.781
68 886 7.239
69 80 0.421
69 85 7.334
69 91 7.059
69 127 2.019
69 133 6.895
69 165 6.094
69 176 2.073
69 185 8.489
69 207 7.206
69 211 1.21
69 239 2.48
69 276 7.665
69 337 0.312
69 453 8.228
69 488 2.033
69 511 7.61
69 533 7.126
69 581 0.524
69 707 6.965
69 753 8.449
69 846 6.592
69 987 5.276
70 83 8.231
70 101 1.193
70 153 7.05
70 154 8.206
70 187 7.996
70 191 4.408
70 283 5.133
70 425 9.507
70 443 3.305
70 480 6.577
70 521 3.073
70 598 6.859
70 602 8.447
70 627 3.841
70 740 9.234
70 749 9.777
70 779 5.927
70 868 9.039
70 901 1.117
71 98 0.188
71 157 3.354
71 186 7.266
71 202 8.427
71 209 7.823
71 241 2.921
71 249 1.715
71 256 8.891
71 352 7.759
71 432 8.774
71 433 5.684
71 464 8.955
71 476 3.265
71 505 9.228
71 562 7.075
71 589 8.979
71 597 2.603
71 637 8.675
71 663 5.92
71 664 0.687
71 699 7.627
71 781 0.539
71 800 3.814
72 79 9.713
72 85 0.473
72 111 2.463
72 174 0.306
72 175 4.927
72 176 5.841
72 203 3.829
72 219 5.741
72 223 6.65
72 228 3.725
72 233 3.489
72 244 3.94
72 288 5.595
72 294 2.762
72 303 1.786
72 395 5.647
72 406 4.348
72 411 7.309
72 435 7.689
72 547 5.14
72 550 7.576
72 579 7.887
72 601 3.058
72 651 0.563
72 708 5.68
72 725 0.249
72 732 1.647
72 781 2.278
72 926 9.335
72 933 2.052
73 97 5.017
73 193 3.156
73 219 0.181
73 285 2.882
73 287 9.679
73 293 7.985
73 297 0.196
73 331 0.545
73 381 2.53
73 417 1.367
73 448 7.263
73 548 7.457
73 577 7.576
73 593 1.859
73 658 9.636
73 721 5.639
73 768 6.054
73 870 9.647
73 904 9.946
74 124 8.677
74 361 9.73
74 382 8.343
74 527 9.278
74 623 2.459
74 655 7.061
74 705 6.472
74 852 0.328
74 897 0.861
74 937 2.007
74 950 2.982
75 89 7.43
75 113 3.986
75 250 0.181
75 990 9.714
76 98 1.827
76 206 5.412
76 364 6.774
76 409 5.012
76 491 0.865
77 119 1.452
77 142 9.067
77 172 4.204
77 210 3.254
77 318 9.167
77 319 5.225
77 361 8.88
77 417 3.411
77 489 1.144
77 509 9.736
77 619 3.997
77 621 3.038
77 665 0.783
77 671 3.997
77 794 2.804
77 829 0.638
77 905 8.623
77 937 5.5
77 948 2.667
77 996 7.193
78 141 6.151
78 197 8.368
78 218 9.458
78 348 1.565
78 376 1.771
78 424 3.084
78 538 9.202
78 611 7.322
78 622 6.34
78 766 0.119
78 951 8.078
79 174 1.12
79 256 1.37
79 292 5.006
79 300 7.02
79 328 7.156
79 377 1.11
79 416 1.433
79 463 3.285
79 495 7.666
79 514 2.016
79 558 6.062
79 651 1.608
79 652 9.08
79 928 4.374
80 103 1.558
80 127 0.941
80 135 9.85
80 165 0.37
80 193 5.506
80 238 1.234
80 251 1.259
80 309 7.325
80 369 4.25
80 381 3.748
80 389 9.859
80 408 8.082
80 448 4.978
80 452 8.538
80 541 5.647
80 604 4.084
80 629 3.27
80 664 4.926
80 723 6.91
80 777 3.324
80 918 5.807
81 93 6.333
81 102 2.999
81 110 1.605
81 116 9.936
81 124 3.402
81 135 0.692
81 137 5.702
81 147 0.384
81 161 9.239
81 180 7.292
81 230 0.235
81 255 6.655
81 264 8.123
81 284 2.844
81 296 9.578
81 335 5.751
81 349 9.352
81 370 8.539
81 378 7.706
81 404 4.828
81 470 6.194
81 473 3.849
81 502 7.031
81 516 4.636
81 517 8.81
81 521 4.571
81 533 7.362
81 537 7.739
81 690 9.082
81 695 8.786
81 705 9.741
81 717 3.194
81 797 3.664
81 799 7.251
81 855 8.384
81 903 1.39
81 923 6.655
81 939 4.29
81 979 2.696
82 83 1.79
82 92 9.343
82 115 2.924
82 116 4.7
82 190 3.592
82 230 7.797
82 231 0.861
82 295 5.734
82 301 5.93
82 386 6.095
82 393 9.571
82 423 8.311
82 564 7.14
82 572 1.13
82 596 3.936
82 647 0.912
82 665 2.607
82 808 1.124
83 191 8.147
83 274 8.352
83 569 1.978
83 647 4.145
83 692 5.535
83 703 2.135
83 871 3.43
83 901 8.471
84 87 0.138
84 467 8.187
84 874 0.729
84 887 4.736
84 996 7.496
85 98 6.64
85 100 8.504
85 172 4.822
85 187 1.725
85 206 3.278
85 239 9.128
85 244 5.148
85 306 7.812
85 424 0.892
85 624 2.018
85 630 4.806
85 632 6.57
85 714 8.846
85 835 7.754
85 844 1.719
86 137 3.887
86 148 7.434
86 173 7.848
86 249 7.548
86 465 4.075
86 594 7.193
86 639 9.172
86 683 4.449
86 819 3.692
86 923 2.962
87 100 6.333
87 106 7.062
87 196 8.772
87 203 2.265
87 243 7.183
87 422 0.132
87 473 4.504
87 490 1.321
87 606 6.382
87 637 3.371
87 638 8.299
87 714 7.137
87 805 2.373
88 92 2.461
88 96 1.077
88 107 7.53
88 156 9.692
88 240 8.604
88 248 9.202
88 250 7.58
88 329 2.554
88 413 0.83
88 733 7.673
89 103 6.016
89 140 0.353
89 170 3.611
89 181 1.505
89 288 9.578
89 400 5.344
89 645 9.62
89 658 6.936
89 835 1.651
90 263 3.981
90 864 1.673
91 116 5.497
91 290 0.679
91 477 3.718
91 552 2.413
91 821 7.835
91 935 2.159
92 102 7.52
92 348 9.206
93 251 9.057
93 274 6.735
93 704 3.566
93 726 7.751
93 950 1.177
94 449 5.351
95 173 5.566
95 216 9.0
95 266 8.485
95 272 4.413
95 461 0.674
95 514 5.866
95 921 0.167
96 107 3.622
96 487 3.014
96 492 6.199
96 554 5.35
96 696 5.007
96 719 8.425
96 876 6.323
96 970 3.851
97 123 0.507
97 178 3.18
97 215 7.4
97 247 6.452
97 287 9.631
97 320 1.27
97 375 2.226
97 547 9.117
97 600 4.107
97 615 6.774
97 625 7.796
97 796 2.521
98 185 9.477
98 211 6.073
98 299 2.128
98 305 1.112
98 332 1.364
98 341 4.581
98 402 4.37
98 439 9.884
98 455 0.133
98 546 9.299
98 632 5.757
98 637 9.285
98 694 4.908
98 708 1.624
98 727 8.113
98 886 9.89
98 947 3.056
99 126 3.193
99 157 1.728
99 176 4.255
99 210 4.232
99 232 0.971
99 286 4.596
99 314 6.364
99 322 7.791
99 346 4.361
99 376 1.008
99 408 3.306
99 414 2.629
99 444 7.122
99 445 2.176
99 465 2.722
99 468 3.603
99 496 0.739
99 609 9.84
99 621 1.669
99 676 2.217
99 682 3.41
99 728 3.725
99 791 1.779
100 187 7.298
100 237 0.84
100 475 4.617
100 606 1.207
100 794 3.79
101 143 2.121
101 153 1.855
101 176 5.423
101 261 2.135
101 325 9.305
101 435 4.361
101 449 6.597
101 508 9.195
101 864 9.446
101 958 7.38
101 985 9.198
102 179 8.887
102 194 9.864
102 265 0.448
102 268 3.466
102 296 7.406
102 304 7.566
102 344 7.928
102 352 6.363
102 567 2.736
102 768 2.738
102 803 4.312
102 872 7.257
102 881 4.886
102 888 1.765
102 916 5.294
102 995 8.414
103 114 2.141
103 355 2.936
103 393 6.308
103 437 3.183
103 454 1.824
103 513 3.689
103 774 0.123
103 806 8.67
103 875 6.631
103 947 2.495
103 957 3.172
104 344 5.226
104 714 7.19
105 118 7.316
105 203 8.221
105 212 9.28
105 236 5.361
105 367 8.165
105 400 4.362
105 425 0.968
105 462 6.752
105 530 0.738
105 624 3.633
105 640 6.052
105 666 2.428
105 739 3.366
105 865 0.631
106 118 3.505
106 143 2.756
106 152 2.296
106 154 1.171
106 194 2.988
106 227 9.629
106 304 4.214
106 620 0.955
106 776 2.21
106 787 7.449
106 805 6.803
107 112 4.125
107 191 8.857
107 231 4.171
107 297 5.301
107 317 2.516
107 390 7.821
107 451 2.452
107 472 7.956
107 492 3.113
107 529 9.348
107 564 3.951
107 576 1.161
107 596 3.99
107 604 5.285
107 677 4.498
107 680 9.66
107 972 4.226
108 139 4.615
108 225 8.503
108 253 5.399
108 437 2.704
108 541 4.908
108 689 1.381
108 695 7.697
108 757 8.54
108 848 3.994
108 929 2.404
108 978 0.111
109 115 5.364
109 216 7.101
109 301 8.229
109 443 9.73
109 522 6.0
109 661 6.346
109 683 2.245
109 732 6.544
109 802 1.26
109 836 4.492
109 973 6.343
110 498 0.246
110 719 8.301
110 913 3.89
110 964 7.687
111 150 6.48
111 178 1.775
111 231 0.705
111 308 7.632
111 329 3.021
111 339 1.985
111 401 5.453
111 426 0.504
111 436 0.749
111 602 7.219
111 621 2.448
111 703 7.09
111 982 5.134
112 126 8.308
112 134 9.49
112 136 7.484
112 164 0.74
112 177 3.674
112 189 4.961
112 208 0.946
112 224 8.292
112 345 2.891
112 350 5.074
112 359 7.937
112 365 2.575
112 469 9.148
112 499 5.994
113 132 6.292
113 384 1.508
113 389 2.063
113 621 3.57
113 829 4.62
114 170 3.696
114 202 7.042
114 312 7.485
114 343 4.233
114 385 4.209
114 457 2.28
114 580 8.265
114 873 7.04
115 744 0.898
115 808 2.788
115 867 5.592
116 117 1.755
116 119 4.105
116 136 1.626
116 142 7.822
116 224 5.454
116 259 5.979
116 461 6.594
117 193 5.143
117 195 6.837
117 196 8.265
117 209 2.826
117 259 0.39
117 331 2.539
117 356 1.915
117 788 7.898
118 152 7.808
118 260 0.918
118 504 1.321
119 142 5.756
119 346 5.399
120 166 9.325
120 189 0.561
120 229 0.885
120 326 2.825
120 491 2.723
120 493 9.166
120 938 6.648
121 326 5.147
121 388 9.588
121 391 6.656
121 551 1.328
121 603 2.976
121 790 9.413
121 890 9.866
122 234 6.505
122 281 7.111
122 540 8.952
122 609 0.336
122 745 0.989
122 988 4.41
123 359 4.583
123 716 5.552
123 906 8.183
124 195 4.535
124 394 9.792
124 495 7.992
124 532 5.835
124 586 0.886
124 778 5.272
124 932 8.92
124 968 6.04
125 215 3.617
125 262 5.352
125 298 6.845
125 427 7.267
125 643 6.122
126 232 5.514
126 345 0.74
126 496 8.439
127 530 5.55
127 555 6.097
127 572 1.903
128 156 9.374
128 311 8.732
128 785 8.063
129 146 9.936
129 163 2.379
129 518 1.195
129 684 8.951
129 798 1.844
129 841 5.73
129 862 6.822
129 981 4.2
130 168 3.111
130 410 2.748
130 416 7.658
130 871 1.357
131 188 7.072
131 287 5.148
131 591 8.254
131 629 8.921
131 750 8.547
131 783 6.965
131 964 3.615
131 970 7.485
131 975 3.226
132 222 6.326
132 727 3.169
132 752 4.442
132 869 5.551
132 905 4.342
133 172 6.468
133 176 1.461
133 241 5.787
133 321 6.684
133 337 8.488
133 360 2.033
133 364 4.046
133 370 9.81
133 427 7.38
133 441 9.817
133 454 9.762
133 477 1.836
133 513 6.286
133 846 6.746
133 955 7.328
133 977 1.023
133 983 7.945
134 149 2.654
134 151 0.939
134 246 7.888
134 294 9.749
134 354 9.063
134 699 4.102
134 700 2.662
134 736 6.052
134 806 0.846
134 859 4.21
134 936 5.973
135 139 9.389
135 171 0.544
135 207 2.022
135 247 9.475
135 286 2.226
135 418 4.118
135 452 3.13
135 464 0.281
135 515 8.899
135 533 5.503
135 563 5.777
135 570 1.844
135 666 5.269
135 686 0.946
135 831 3.74
135 872 1.681
135 915 7.044
136 150 9.901
136 162 3.036
136 164 1.989
136 190 0.486
136 224 3.719
136 463 2.174
136 674 6.139
136 814 2.241
136 865 2.694
137 258 0.88
137 315 0.26
137 395 8.695
137 453 7.062
137 575 8.251
137 762 8.587
137 765 4.305
138 164 4.201
138 220 6.104
138 267 0.687
138 333 6.393
138 396 3.628
138 470 1.656
138 492 6.773
138 501 1.394
138 681 6.429
138 815 1.152
139 207 5.646
139 250 3.853
139 253 6.013
139 277 8.877
139 422 9.752
139 541 4.093
139 645 2.02
139 809 5.39
139 928 4.272
140 154 0.414
140 195 2.184
140 340 5.272
140 457 0.291
140 489 5.441
140 603 5.52
140 656 7.387
140 948 3.094
140 997 8.651
141 709 4.499
141 807 6.768
142 186 7.205
142 198 3.436
142 327 3.89
142 354 2.201
142 405 1.639
142 588 2.146
142 767 4.55
142 775 2.525
142 828 8.79
143 154 5.688
143 268 9.729
143 375 2.144
143 991 0.391
144 181 1.713
144 284 7.858
144 315 3.856
144 355 1.24
144 980 8.343
145 213 4.102
145 336 4.448
145 372 1.538
145 423 0.268
145 556 6.682
145 600 9.671
145 698 7.538
145 791 1.043
146 412 9.269
146 450 8.885
146 536 2.215
146 587 6.333
146 600 8.855
146 862 4.0
147 150 4.585
147 218 5.077
147 230 2.745
147 342 4.797
147 435 6.447
147 472 8.11
147 495 3.824
147 712 6.18
147 751 9.6
148 337 4.363
148 789 3.798
148 884 5.015
149 205 5.043
149 246 6.661
149 298 7.707
149 478 7.37
149 699 8.163
149 732 7.585
149 756 6.144
149 945 0.288
149 972 2.451
150 397 9.512
150 472 0.335
151 183 4.725
151 221 3.356
151 246 9.917
151 295 3.819
151 397 5.281
151 629 6.896
151 632 0.728
152 159 9.5
152 266 2.819
152 614 7.269
152 762 6.834
152 834 3.724
152 877 1.434
152 883 3.534
152 952 1.637
153 242 9.937
153 367 7.118
153 572 7.322
153 601 0.18
153 617 9.685
153 656 6.081
153 834 5.638
153 851 4.269
153 882 1.08
154 174 2.943
154 340 3.083
154 589 8.582
154 740 1.328
154 765 1.015
154 962 7.21
155 341 5.613
155 819 9.636
155 896 9.059
156 363 8.581
156 610 0.231
156 626 6.323
157 241 6.92
158 440 8.105
159 233 2.579
159 251 9.925
159 392 8.769
159 522 1.189
159 662 8.206
160 182 3.491
160 251 1.083
160 362 3.798
160 420 0.204
160 437 0.524
160 494 6.0
160 559 1.12
160 644 1.612
160 744 2.229
160 891 9.867
161 215 4.273
161 287 1.817
161 352 7.728
161 404 9.678
161 426 5.473
161 459 5.0
161 650 4.052
162 197 3.868
162 236 1.785
162 277 0.758
162 357 1.316
162 358 8.494
162 360 9.726
162 391 7.206
162 466 5.792
162 500 6.619
162 507 4.305
162 705 0.464
162 711 2.169
162 741 7.104
162 827 0.898
162 858 8.948
163 180 8.134
163 213 6.466
163 278 4.255
163 850 4.645
163 861 6.904
163 862 8.068
164 190 9.92
164 220 3.697
164 333 1.639
164 367 9.984
164 523 3.645
164 557 2.144
164 578 5.471
164 746 6.47
164 917 3.148
164 921 6.549
164 986 9.649
165 304 4.168
165 931 2.617
166 170 3.52
166 189 9.913
166 252 2.602
166 258 0.553
166 269 6.697
166 272 5.634
166 288 6.16
166 321 5.848
166 327 7.064
166 353 3.245
166 393 7.105
166 420 7.471
166 437 5.452
166 469 3.952
166 483 1.427
166 526 7.121
166 587 4.464
166 593 1.105
166 594 2.841
166 620 9.925
166 715 8.084
166 792 3.863
166 830 3.217
166 902 5.231
166 931 5.349
167 209 2.896
167 320 7.641
167 369 6.052
167 756 1.122
167 849 0.279
168 191 1.002
168 428 2.481
168 430 2.646
168 787 9.682
169 291 9.186
169 429 4.471
169 608 7.559
169 853 5.717
170 252 4.475
170 288 3.484
170 316 0.365
170 321 4.399
170 341 1.912
170 343 9.974
170 353 5.713
170 360 5.849
170 683 3.978
170 763 6.384
170 953 3.164
171 632 8.366
172 511 4.482
172 619 9.259
172 660 9.325
172 742 7.42
172 837 5.783
173 302 0.964
173 354 6.449
173 468 2.322
173 725 1.685
173 878 1.958
173 907 4.65
173 980 8.724
174 180 1.5
174 296 9.526
174 409 4.874
174 421 2.529
174 550 8.658
174 685 5.141
174 999 3.902
175 218 9.098
175 245 5.966
175 357 0.362
175 398 2.252
175 415 6.728
175 431 7.665
175 443 9.409
175 478 9.65
175 549 6.061
175 571 9.666
175 775 5.398
175 839 9.556
175 942 9.593
176 323 7.342
176 346 0.745
176 435 3.662
176 791 4.593
176 846 3.159
176 898 8.032
177 243 3.58
177 279 4.088
177 345 4.752
177 868 8.73
178 180 8.721
178 250 3.937
178 260 1.634
178 329 1.346
178 330 3.526
178 385 0.898
178 437 0.375
178 490 9.315
178 815 3.553
178 996 5.992
179 237 3.738
179 253 1.196
179 255 7.475
179 654 6.628
179 784 8.333
180 183 4.166
180 321 3.063
180 332 5.546
180 357 0.118
180 368 4.262
180 385 6.631
180 484 5.051
180 571 8.214
180 582 3.399
180 631 0.658
180 717 4.836
180 835 9.867
180 926 4.897
180 942 5.408
181 256 3.937
181 719 7.384
181 737 4.469
181 776 5.442
181 889 4.883
181 980 5.169
182 249 3.905
182 318 6.191
182 493 3.746
182 587 9.749
182 891 8.333
183 221 4.319
183 943 2.427
184 208 1.965
184 215 7.512
184 549 3.655
184 816 6.177
184 910 5.64
185 488 9.222
185 986 2.407
186 241 0.316
186 279 3.271
186 545 7.314
186 562 7.711
186 590 2.388
186 675 9.748
186 759 4.107
187 374 9.59
187 424 5.911
187 545 8.793
187 590 5.123
187 633 2.775
187 650 0.232
188 240 8.48
188 276 4.946
188 290 9.696
189 218 3.012
189 780 6.655
189 864 8.9
189 919 4.477
190 475 8.222
190 771 0.991
190 963 2.043
192 204 6.673
192 288 1.812
192 310 4.112
192 373 8.347
192 434 1.107
192 481 0.224
192 484 8.17
192 540 5.042
192 622 4.499
192 967 4.616
193 204 2.353
193 206 4.434
193 238 5.811
193 239 3.292
193 307 9.072
193 313 7.417
193 340 4.813
193 368 3.848
193 372 1.176
193 381 2.242
193 399 9.739
193 420 8.487
193 427 3.696
193 442 1.953
193 454 9.749
193 462 1.402
193 475 7.576
193 486 4.451
193 523 3.339
193 540 2.346
193 578 0.395
193 595 3.073
193 614 7.087
193 644 0.506
193 649 4.78
193 728 0.229
193 748 9.262
193 757 7.386
193 798 8.055
193 854 3.384
193 863 5.574
193 940 3.42
194 430 2.441
194 526 2.533
194 827 9.341
195 293 8.638
195 327 4.762
195 675 5.381
195 762 8.698
195 778 0.589
195 854 3.451
195 940 9.129
195 993 0.335
196 356 0.202
196 441 1.946
196 472 6.845
196 638 3.336
196 647 3.56
196 677 6.914
197 500 4.623
197 561 5.743
197 810 5.016
197 886 5.899
197 900 0.657
198 455 7.97
198 460 9.881
198 710 1.42
199 267 5.706
199 338 1.76
199 383 7.92
199 400 9.826
199 501 2.926
199 697 2.266
199 909 1.179
200 233 4.275
200 386 1.963
200 428 9.964
200 519 5.464
200 603 6.483
200 665 3.018
200 893 4.891
200 938 6.437
201 211 6.307
201 283 0.873
201 709 3.329
201 730 9.594
201 757 5.411
201 811 9.257
201 886 3.784
201 952 2.011
201 978 3.921
202 419 9.228
202 529 6.423
202 565 2.543
202 989 1.309
203 213 5.279
203 216 0.795
203 309 8.415
203 462 5.014
203 515 1.443
203 978 8.127
204 271 9.082
204 289 5.8
204 368 9.0
204 447 1.429
204 477 5.648
204 486 9.873
204 514 4.113
204 539 2.649
204 794 7.414
204 802 4.665
204 863 7.997
204 971 0.296
205 322 0.123
205 334 8.623
205 371 1.851
205 392 3.806
205 559 4.81
205 780 2.751
206 350 3.358
206 506 9.213
206 522 7.372
206 532 7.28
206 595 7.315
206 616 1.949
206 643 1.185
207 209 9.074
207 271 0.492
207 277 1.61
207 349 1.244
207 357 9.601
207 384 4.471
207 483 1.594
207 511 3.631
207 561 5.178
207 792 6.88
207 931 7.921
208 359 5.199
208 805 0.852
208 837 4.748
208 963 8.489
209 300 4.865
209 369 4.209
209 471 4.401
209 575 2.311
209 590 0.642
209 701 1.545
209 845 3.801
209 878 0.302
210 232 3.738
210 377 9.302
210 459 2.322
210 897 9.209
210 948 5.79
211 229 1.43
211 266 1.77
211 446 7.422
211 504 4.692
211 538 0.238
211 947 1.354
211 952 3.873
212 228 2.415
212 406 2.288
212 410 7.412
212 513 4.796
212 651 7.83
212 818 4.348
212 925 5.999
213 292 1.93
213 372 2.564
213 405 9.78
213 462 6.882
213 474 9.026
213 525 5.856
213 861 8.09
214 244 4.617
214 336 5.684
214 408 7.712
214 433 6.692
214 760 3.879
214 773 4.08
214 879 0.455
214 986 0.645
215 320 4.81
215 637 7.434
216 253 3.087
216 301 0.608
216 575 6.518
216 593 9.015
216 653 2.297
216 869 9.79
217 248 2.998
217 280 1.082
217 426 2.393
217 451 4.195
217 520 7.102
217 726 7.443
217 776 4.664
217 915 2.028
217 933 1.172
217 957 5.186
218 250 4.414
219 314 6.835
219 394 7.195
219 396 8.927
219 448 9.643
219 691 4.413
219 744 7.157
219 755 3.238
219 812 1.625
220 366 9.969
220 506 2.643
220 554 2.159
220 681 5.086
220 692 3.299
221 903 1.387
222 446 5.4
222 473 8.471
222 850 7.727
223 335 8.808
223 395 0.329
224 255 8.05
224 259 4.929
224 362 4.166
224 392 9.832
224 520 5.836
224 573 8.768
224 788 4.734
224 971 4.401
225 270 3.807
225 743 9.17
225 751 1.376
225 981 9.21
226 294 6.519
226 339 2.66
226 364 8.76
226 612 2.472
226 684 2.344
226 722 3.285
226 735 9.253
226 750 6.939
226 752 9.177
226 807 9.226
226 901 3.519
227 304 0.223
227 347 0.959
227 414 5.173
227 448 7.211
227 485 9.405
227 663 4.767
227 681 9.264
227 699 2.816
227 731 2.276
228 273 0.399
228 406 0.538
228 410 0.926
228 446 0.228
228 550 8.767
228 642 5.199
228 736 0.734
228 818 9.254
228 833 1.069
228 984 8.895
228 994 8.568
229 316 4.294
229 447 0.504
229 637 0.302
229 827 4.24
229 887 8.772
229 920 4.017
229 922 4.931
230 261 3.677
230 382 3.578
230 545 3.85
230 595 4.209
230 874 1.094
231 401 1.036
231 553 1.014
231 596 8.757
231 649 1.07
231 668 1.301
232 289 7.535
232 462 7.587
232 552 1.278
232 740 9.391
232 781 2.243
232 874 8.496
232 885 1.535
232 974 1.256
233 267 3.659
233 280 9.588
233 378 0.592
233 579 3.625
234 282 8.84
234 463 8.265
234 764 5.085
234 997 1.678
235 252 5.455
235 667 6.295
236 306 2.767
236 317 0.913
236 319 6.219
236 326 3.696
236 331 4.3
236 358 0.308
236 529 9.462
236 584 9.157
236 640 5.646
236 661 5.129
236 669 7.411
236 680 6.945
236 839 5.028
236 987 5.514
237 526 8.6
237 784 6.031
238 308 0.151
238 434 2.435
238 723 7.074
238 976 8.456
239 312 2.385
239 347 0.223
239 381 3.648
239 604 4.586
239 644 3.92
240 354 9.509
240 386 9.872
240 444 5.918
240 803 8.995
240 991 8.842
241 282 7.438
241 508 7.295
241 605 9.252
241 759 3.084
241 766 3.46
241 771 9.528
241 929 8.149
241 977 8.85
243 345 0.546
243 389 9.64
243 531 8.765
243 543 2.892
243 710 6.224
244 408 2.921
244 586 7.015
244 692 6.807
244 848 6.096
245 278 2.841
245 391 2.105
245 535 3.081
245 539 1.4
245 583 8.532
245 915 2.76
246 268 5.51
246 295 0.927
246 715 0.124
247 418 1.144
247 512 3.705
247 659 5.927
247 844 0.442
249 303 2.7
249 534 8.631
249 635 3.074
249 636 2.657
249 919 1.764
249 986 3.798
250 696 2.653
250 857 5.271
250 861 5.89
252 255 2.392
252 417 1.916
252 461 9.784
252 869 0.411
252 946 5.45
253 324 4.404
253 809 4.815
253 968 3.598
254 932 0.788
255 328 5.227
255 729 1.878
256 313 8.856
256 399 3.591
256 487 2.807
256 503 6.589
256 567 7.037
256 597 8.722
256 606 8.478
256 716 3.196
256 760 4.492
257 365 1.397
257 609 5.201
257 618 4.405
258 293 1.832
258 379 3.48
258 504 7.74
258 507 4.937
258 517 6.684
258 652 2.291
258 881 6.293
258 898 2.633
259 607 7.05
259 788 0.422
259 904 2.925
260 413 0.534
260 490 1.795
260 630 1.547
260 730 1.304
260 783 7.907
260 887 6.611
261 507 1.444
261 508 0.738
261 659 5.584
261 774 4.115
261 823 1.713
261 902 1.91
261 936 1.13
262 303 9.258
262 361 1.164
262 451 8.592
262 453 1.765
262 616 4.933
262 643 9.899
262 795 3.782
262 949 8.011
263 970 8.706
263 982 9.429
264 422 2.196
264 490 6.914
264 543 8.145
264 761 3.907
264 929 1.979
264 934 4.627
265 295 4.414
265 326 1.819
265 340 5.689
265 474 1.954
265 803 7.953
265 820 4.924
265 911 8.955
266 614 9.461
266 619 2.814
266 877 9.652
266 952 5.168
266 993 0.398
267 333 3.662
267 351 8.283
267 501 6.533
267 697 5.924
267 909 7.69
267 959 3.62
268 375 1.132
268 810 7.727
268 983 0.946
269 755 4.053
270 393 4.599
270 510 3.227
270 516 8.719
270 586 4.093
270 616 1.634
270 640 2.133
270 677 6.697
270 826 4.458
270 863 1.39
271 290 6.508
271 317 1.38
271 338 5.232
271 366 9.242
271 419 4.114
271 559 7.331
271 644 5.118
271 717 2.873
271 718 1.302
271 741 1.733
271 789 6.058
272 425 5.189
272 466 1.884
272 514 7.929
272 794 0.157
272 865 4.723
273 331 6.391
273 377 7.493
273 406 6.573
273 476 7.783
273 568 6.802
273 994 9.104
274 403 3.476
274 950 9.217
275 290 4.207
275 417 8.44
275 579 7.521
276 286 1.181
276 300 7.411
276 330 5.966
276 373 7.813
276 374 2.536
276 378 6.447
276 386 2.339
276 472 6.132
276 543 2.606
276 660 6.29
276 755 7.951
276 822 4.567
276 880 3.095
277 365 4.077
277 384 8.914
277 493 9.19
277 541 7.358
277 646 9.324
278 588 1.745
278 688 7.561
278 816 7.053
278 895 7.414
278 917 1.437
279 357 0.23
279 505 8.884
279 569 0.541
279 703 9.546
279 942 7.086
279 985 2.529
280 520 8.095
280 913 9.978
281 502 2.051
281 676 0.945
282 503 7.84
282 697 0.433
283 332 7.295
283 915 1.506
284 299 6.013
284 818 7.63
284 876 6.081
285 294 8.817
286 315 9.115
286 418 4.423
286 436 0.275
286 446 0.242
286 895 9.402
286 932 2.642
287 323 1.109
287 426 0.114
287 532 1.681
287 578 3.554
288 481 4.011
288 495 4.243
288 770 9.893
289 375 0.273
289 418 2.36
289 576 7.559
289 817 2.703
289 868 9.708
289 884 7.09
290 442 5.325
290 644 6.999
291 423 6.88
291 553 2.625
291 715 8.412
291 817 5.545
292 309 6.61
292 355 0.44
292 385 1.262
292 403 2.024
292 416 8.019
292 493 9.252
292 538 6.307
292 713 1.402
292 941 7.031
293 331 5.776
293 500 0.59
293 507 4.151
293 623 0.368
293 817 2.506
293 851 0.591
294 390 0.425
294 411 7.733
294 440 3.453
294 611 7.867
294 729 6.324
295 431 2.025
295 567 6.025
295 629 6.253
295 699 6.211
295 761 9.992
295 911 0.863
296 499 7.855
296 533 3.249
296 646 5.029
297 304 5.065
297 399 9.672
297 560 1.036
297 567 5.724
297 680 8.673
297 932 6.895
298 365 7.016
298 385 5.767
298 431 8.541
298 514 2.865
298 635 9.714
298 685 0.444
298 773 2.341
298 849 3.127
298 926 9.0
299 324 3.08
299 461 8.355
299 554 6.47
299 648 9.659
299 707 6.094
299 818 6.322
299 977 9.647
300 336 9.685
300 471 2.645
300 509 5.38
300 590 0.71
300 793 3.934
300 890 7.375
300 928 2.695
300 957 0.713
302 405 1.535
302 878 5.486
302 903 6.643
303 328 0.756
303 354 9.517
303 478 2.766
303 566 9.614
303 898 6.726
304 359 8.307
304 567 1.931
304 822 5.948
304 824 9.224
305 398 4.063
305 528 2.049
306 426 0.254
306 782 6.779
306 847 3.231
306 861 6.825
307 407 2.275
308 367 3.92
308 407 4.226
309 570 9.075
310 481 1.655
310 525 1.656
310 717 0.962
310 793 3.492
310 927 2.423
311 544 8.526
311 549 5.679
311 599 4.903
312 456 2.932
312 690 1.761
313 380 8.298
313 409 9.849
313 715 2.008
314 356 6.689
314 645 1.431
314 790 1.145
314 832 3.357
316 497 6.389
317 319 3.215
317 366 2.467
318 324 1.305
318 438 6.422
318 482 0.33
318 604 5.121
319 619 8.882
319 789 4.324
320 371 9.167
320 800 2.845
321 332 3.98
321 360 1.218
321 395 0.389
321 571 9.798
321 655 9.249
321 894 1.996
322 330 6.239
322 370 8.1
322 595 5.716
323 329 9.21
323 334 7.864
323 376 0.339
323 528 9.16
323 578 9.601
323 759 9.637
323 856 3.372
324 488 3.832
324 648 0.97
325 403 9.044
325 486 0.857
325 652 5.86
325 674 4.267
325 738 8.821
325 969 5.658
326 429 7.057
326 471 7.456
326 525 7.104
326 636 6.687
326 701 2.358
326 854 6.065
327 830 8.693
327 842 5.179
327 976 6.597
329 368 0.424
329 387 9.238
329 512 5.952
329 778 2.251
329 854 8.143
330 363 7.38
330 370 1.679
330 467 8.465
330 647 5.51
330 677 1.291
330 748 4.041
330 770 8.235
330 859 9.007
331 377 4.356
331 529 5.8
332 632 4.794
332 759 1.726
332 786 3.05
332 794 3.292
333 350 8.776
333 452 3.127
333 468 7.253
333 523 0.709
333 557 1.843
333 678 1.715
333 940 1.02
334 450 9.916
334 578 4.814
334 771 3.245
334 833 8.199
334 855 6.147
334 922 2.383
335 349 1.483
335 579 6.675
335 600 4.837
335 628 5.571
335 799 8.265
335 976 6.879
336 363 7.993
336 407 7.105
336 556 4.968
336 698 6.333
337 359 3.036
337 438 8.157
340 740 5.156
341 387 0.255
341 402 8.18
341 584 4.739
341 950 4.241
342 456 3.15
342 463 2.181
342 992 6.11
343 446 0.495
343 511 9.606
344 421 0.866
344 714 9.491
344 968 8.099
345 413 3.856
346 701 2.065
349 352 1.308
349 434 7.124
349 494 7.725
349 751 1.302
349 799 9.134
349 899 3.422
352 432 1.373
352 467 2.687
352 497 5.426
352 693 0.961
352 966 3.02
353 458 4.412
353 459 3.075
353 953 8.181
354 837 8.975
354 963 3.536
355 371 5.941
355 591 9.055
355 682 9.117
355 892 9.542
356 373 1.852
356 486 9.9
356 564 2.85
356 649 7.956
356 810 4.512
356 995 5.876
357 403 7.001
357 479 1.615
357 539 4.581
357 775 3.039
357 792 1.95
357 942 0.296
358 571 1.767
358 585 8.015
358 599 5.818
358 987 6.845
360 466 7.783
360 558 2.988
360 813 7.601
360 894 5.232
361 527 8.567
361 800 3.568
362 540 4.72
362 577 1.179
362 764 3.384
363 407 6.635
363 608 9.611
363 610 9.651
363 689 6.846
363 766 4.493
363 816 0.793
364 455 9.328
364 551 4.648
364 684 5.762
365 493 9.827
365 598 1.11
365 888 1.14
366 381 8.025
366 506 5.015
366 959 7.079
366 966 4.014
367 396 9.421
368 586 1.818
368 802 4.437
368 808 7.844
370 846 1.17
371 412 7.142
371 591 9.391
372 523 1.772
372 954 9.685
372 957 4.27
373 724 1.205
373 733 3.495
373 914 9.191
374 453 7.06
375 411 9.016
375 445 1.734
375 687 0.893
376 669 8.184
377 529 7.57
377 568 1.482
378 653 8.811
378 843 2.051
379 478 4.316
380 497 1.776
380 663 5.588
380 913 2.545
381 442 9.039
382 874 8.969
383 552 7.779
383 592 1.966
383 909 8.404
384 389 7.773
384 404 6.244
384 511 1.394
384 688 6.788
385 502 2.075
385 656 4.802
385 926 0.464
387 419 8.15
387 459 4.503
387 570 4.992
387 583 4.191
388 498 2.532
388 555 2.698
388 916 9.041
389 560 2.464
389 775 0.185
389 832 4.244
390 544 0.287
390 767 5.994
390 769 8.727
390 811 4.19
390 994 5.723
391 500 2.032
391 538 4.445
393 477 3.352
393 513 7.407
393 640 5.268
393 821 1.819
394 477 0.562
394 817 2.391
394 860 3.113
395 465 1.929
395 528 8.261
395 655 4.446
395 674 1.59
395 678 5.679
395 878 7.776
396 458 9.23
396 744 0.828
397 777 7.735
397 787 7.599
398 460 1.349
398 676 4.816
398 713 0.758
398 951 2.385
399 419 8.544
400 415 4.682
400 539 2.585
401 429 0.166
401 584 0.574
401 669 5.008
402 439 9.568
402 524 7.766
402 583 7.022
403 486 2.192
403 738 9.495
404 548 5.03
404 566 9.434
404 969 9.79
405 422 9.461
405 908 5.229
406 410 1.004
406 438 8.847
407 444 3.774
412 724 1.116
414 545 1.516
415 672 2.794
416 519 6.795
416 729 5.447
416 840 5.855
416 871 3.954
416 930 3.252
416 949 2.343
417 543 5.409
417 751 9.655
417 922 4.574
417 946 0.687
417 955 1.511
418 563 5.066
418 714 6.397
418 871 8.512
418 940 6.397
419 454 8.924
419 954 9.856
420 741 9.873
421 436 0.724
421 469 0.722
421 989 7.042
422 490 1.285
422 577 3.699
422 763 8.611
423 487 4.312
423 525 6.477
423 805 4.979
423 845 0.209
424 483 1.828
424 598 7.2
424 622 7.395
424 693 8.193
424 782 9.116
425 865 7.475
426 508 1.651
426 520 8.121
426 561 3.383
426 605 6.829
426 610 7.712
426 836 6.713
426 967 9.06
427 534 1.732
427 584 4.472
427 696 9.426
427 786 8.785
428 430 2.933
428 432 3.205
428 480 4.541
428 548 8.861
428 558 0.765
428 592 2.778
428 636 0.51
428 694 1.2
428 712 4.455
428 824 3.129
429 510 5.46
429 525 7.445
429 584 0.484
429 687 7.103
429 960 1.669
429 975 5.379
430 439 3.608
431 773 7.619
432 466 3.806
432 497 8.424
432 712 9.217
432 826 8.41
433 542 5.129
433 548 0.207
433 809 5.192
433 948 0.62
434 727 8.849
435 651 0.544
436 534 7.3
436 602 8.587
436 790 9.995
436 958 9.34
436 989 4.273
437 482 2.098
437 646 8.819
437 682 1.381
438 509 5.615
438 583 7.666
438 671 8.075
439 460 3.802
439 546 6.159
439 733 6.098
439 887 4.053
439 924 3.24
440 458 4.686
440 641 9.226
440 747 6.214
440 995 4.594
441 705 9.74
441 834 7.888
442 457 6.331
442 522 5.418
442 944 2.843
442 998 8.901
443 465 4.881
443 519 7.93
443 626 8.052
443 935 8.552
444 975 2.585
445 711 6.249
447 769 6.405
447 981 2.147
448 664 3.95
448 870 8.175
448 896 1.637
449 557 0.828
449 610 7.969
449 613 8.907
449 736 1.671
449 803 3.251
449 938 6.282
449 944 3.548
450 705 6.612
450 706 2.155
451 492 6.651
451 589 9.306
451 900 1.087
452 464 5.686
452 666 0.51
452 797 2.484
453 498 6.92
453 616 5.168
453 753 9.474
453 784 4.447
455 785 4.29
456 574 2.432
456 751 2.596
456 896 3.992
457 469 5.746
457 820 6.843
457 836 2.702
457 921 8.366
458 631 6.322
458 835 2.859
458 953 3.66
459 800 3.162
459 825 5.915
460 839 6.243
460 873 1.042
461 558 6.969
461 710 0.497
461 869 1.998
461 985 7.936
462 581 9.149
462 974 3.676
463 520 0.924
464 666 3.157
464 797 7.384
464 813 7.94
465 479 9.054
465 496 4.668
465 540 8.029
465 612 0.896
465 670 1.825
465 706 9.334
465 791 4.0
466 581 3.107
466 851 4.141
467 777 9.96
469 510 5.465
469 820 9.476
469 876 7.671
469 877 4.147
470 638 9.307
470 989 0.712
472 880 9.484
472 925 3.119
473 516 0.379
473 810 5.162
473 860 0.808
474 531 5.274
474 772 3.951
474 783 8.78
474 904 7.597
475 536 4.965
475 624 1.333
475 685 6.693
476 482 9.028
476 532 1.409
476 826 4.848
476 844 0.426
478 812 6.076
479 518 7.572
479 920 4.71
480 801 1.982
481 557 1.249
481 608 5.913
481 700 6.227
482 735 1.739
483 526 8.102
483 702 1.766
483 892 9.512
483 931 9.518
484 664 1.19
484 695 8.622
486 595 0.788
487 989 7.756
488 938 6.786
489 659 1.271
489 671 3.979
490 551 5.396
490 838 4.712
490 929 6.39
490 964 8.869
491 564 8.873
491 639 6.253
491 908 8.656
492 495 7.672
492 554 7.491
492 576 2.701
493 838 8.324
494 590 1.096
494 774 6.904
494 795 9.546
497 524 0.863
497 979 5.627
498 499 0.974
499 662 1.288
499 724 9.264
499 758 7.399
499 970 1.732
500 561 4.975
500 697 4.307
500 941 2.995
500 960 3.381
502 553 9.406
504 517 3.205
504 844 1.061
505 535 4.942
505 580 1.281
505 722 9.553
507 623 6.909
507 902 0.299
510 693 4.364
511 846 0.535
512 700 2.807
512 908 7.85
513 618 2.281
513 651 7.924
513 947 7.286
514 617 1.23
514 661 3.595
514 685 1.452
514 732 7.5
514 806 7.379
514 859 9.458
515 533 5.823
515 942 8.906
515 998 4.185
516 860 2.037
517 718 3.364
517 823 6.464
518 721 7.241
518 831 9.856
518 848 4.328
518 862 4.859
519 885 3.997
519 892 4.355
521 546 7.888
521 627 7.57
523 565 9.202
523 592 0.408
523 904 1.847
523 954 2.412
525 666 2.58
525 726 2.267
525 892 7.787
526 676 3.532
526 690 2.438
528 537 9.259
528 614 7.57
528 785 7.589
529 568 0.164
529 628 2.054
529 658 1.665
529 720 1.266
529 739 2.024
529 757 3.699
529 786 0.296
529 997 3.203
531 631 5.673
531 852 6.472
533 599 9.825
533 686 9.335
533 826 9.82
533 979 8.174
534 592 8.567
534 617 8.875
535 870 9.899
536 615 5.518
536 647 5.927
536 686 5.892
536 711 0.579
537 654 8.246
537 746 9.009
538 815 4.396
538 943 2.323
539 624 0.421
539 802 7.845
539 817 9.133
541 545 9.485
541 633 0.717
541 848 2.235
544 689 1.032
544 993 7.167
545 633 7.044
546 663 2.063
546 885 0.523
547 592 2.008
547 625 9.484
548 565 7.26
548 880 8.925
548 889 2.063
549 967 8.082
550 581 2.788
551 563 5.33
551 825 3.123
553 583 3.939
553 642 9.305
553 649 1.864
553 675 6.231
554 671 1.263
554 823 5.762
555 576 9.922
555 718 3.142
555 875 3.682
556 573 8.538
556 888 4.149
557 789 0.778
557 944 9.334
558 667 3.897
559 770 2.192
559 956 4.43
560 923 0.943
560 973 6.554
561 630 3.856
561 967 5.531
562 857 6.061
563 691 1.377
564 585 7.477
564 639 7.914
564 698 9.828
564 908 4.125
565 760 2.937
565 889 7.908
566 889 3.709
567 589 6.673
567 609 0.479
567 629 6.804
567 900 8.036
568 935 8.011
569 572 3.885
570 573 8.811
570 873 6.379
571 673 8.435
571 779 3.129
573 804 3.766
573 819 5.066
574 864 8.831
576 875 3.793
577 602 8.894
577 721 5.521
577 763 1.366
577 990 9.548
578 748 1.973
578 856 2.69
578 936 4.799
578 984 2.911
579 601 6.028
579 725 8.724
579 763 8.661
579 764 9.861
579 901 1.844
579 990 9.559
580 792 2.96
581 618 6.658
581 935 1.334
581 987 0.582
582 843 0.383
583 675 8.668
584 669 6.192
585 716 0.837
585 758 6.296
586 923 6.285
587 824 9.314
588 828 3.4
589 611 9.283
589 746 7.098
589 920 3.78
589 962 8.774
590 845 2.59
590 857 4.19
590 890 0.652
590 949 1.885
590 951 7.057
590 975 8.76
590 988 8.51
591 604 0.729
591 672 4.478
591 750 7.56
592 634 5.217
592 853 8.415
593 731 4.743
594 702 7.808
595 692 2.586
597 997 7.837
599 857 7.291
600 625 1.884
600 799 1.632
601 851 2.633
602 868 4.856
603 774 6.624
605 673 7.804
605 916 2.584
606 920 6.568
607 761 1.796
607 788 5.839
608 700 4.313
608 933 1.071
608 936 6.791
610 816 5.644
610 823 4.048
612 670 0.203
612 706 9.157
613 673 0.971
613 961 5.617
614 700 5.827
615 625 9.894
615 801 6.093
615 850 9.089
615 956 7.599
616 619 9.517
616 795 1.715
618 649 5.046
618 947 9.103
619 847 5.431
620 715 4.363
620 772 0.828
620 801 2.823
622 782 6.427
623 754 3.196
623 768 3.102
623 899 3.532
623 912 2.613
623 965 5.12
624 825 8.807
626 635 9.561
626 657 2.479
627 723 5.385
627 746 4.365
627 820 1.496
628 946 0.349
629 911 7.484
630 814 4.666
632 696 1.858
632 770 1.309
632 772 0.225
632 886 0.198
637 708 5.421
640 669 9.734
640 754 1.738
641 747 1.181
641 781 4.743
641 796 2.189
641 856 8.2
642 786 5.625
642 918 2.546
643 701 6.36
643 728 7.816
643 749 8.0
643 828 1.735
644 790 2.558
644 907 4.711
645 658 3.004
646 934 9.923
646 958 5.613
647 677 5.644
647 686 9.357
647 691 1.091
647 837 1.922
649 792 1.907
649 955 7.51
650 698 3.292
650 783 0.279
654 745 9.618
654 867 7.416
655 704 0.605
655 878 5.133
657 797 6.192
657 960 6.111
658 768 9.986
659 828 3.494
659 902 0.354
660 667 5.0
660 928 1.587
661 971 8.138
663 777 6.945
665 912 1.192
665 996 4.732
666 738 5.748
666 842 5.538
668 719 0.301
670 706 2.139
673 775 9.776
674 678 2.332
677 734 0.394
677 877 6.678
677 965 7.168
677 968 4.915
677 972 5.868
679 882 6.46
684 710 7.176
684 742 7.627
684 798 2.314
684 836 1.776
684 976 5.471
685 743 8.855
685 969 4.259
686 734 0.959
688 954 8.938
688 984 5.068
689 914 1.884
689 978 3.334
690 725 4.736
696 783 1.687
698 720 5.605
698 739 9.231
698 757 7.761
700 737 1.978
700 999 1.955
701 855 7.876
703 906 6.094
705 706 2.722
705 858 5.013
707 709 8.346
708 727 4.548
708 754 3.31
708 779 3.184
708 858 6.437
708 960 3.181
709 776 9.379
709 955 7.017
710 883 6.994
710 900 4.832
711 891 8.612
715 722 6.896
715 861 3.995
717 772 6.019
720 739 4.971
723 762 0.421
723 772 9.445
723 820 7.075
723 843 4.635
723 924 9.434
727 752 9.101
729 872 6.27
730 741 8.981
730 811 3.113
730 927 7.52
735 750 8.01
736 790 0.409
736 859 0.22
736 897 9.753
736 910 2.371
736 916 5.355
739 821 1.03
739 876 0.358
739 881 0.47
739 897 5.012
740 804 2.95
740 896 4.237
741 767 0.222
741 949 8.44
742 841 7.308
743 965 6.682
745 895 4.598
746 907 9.208
746 917 0.273
746 962 7.891
747 781 8.45
748 984 0.694
751 922 5.685
752 760 5.267
752 850 2.796
752 901 9.55
752 973 7.685
754 999 3.773
756 939 1.951
756 992 1.695
757 769 8.298
761 829 4.479
763 962 8.979
766 816 1.675
769 832 8.962
769 934 4.126
769 938 8.169
770 956 9.312
771 956 1.748
776 983 4.493
777 968 7.469
779 833 2.835
779 943 2.22
780 799 8.277
783 842 3.488
783 964 4.12
785 797 9.043
787 822 1.622
787 913 7.852
787 939 4.617
789 884 2.52
792 830 5.691
793 935 1.876
799 831 7.209
802 991 2.542
804 814 7.142
806 809 7.512
810 900 5.184
813 884 4.007
825 883 9.566
826 933 4.427
829 847 8.197
833 995 2.854
835 866 0.853
835 939 0.499
836 868 5.657
837 963 4.011
838 862 4.887
845 890 2.786
845 917 5.746
845 988 3.502
852 966 3.69
854 863 1.363
856 936 7.122
868 986 7.027
871 930 6.717
877 883 7.895
883 925 3.845
885 961 1.06
891 895 0.781
897 941 8.926
898 982 0.969
900 993 9.795
902 945 1.198
906 930 4.291
909 917 8.615
912 960 0.841
912 974 2.098
913 939 4.248
919 974 6.194
920 922 5.337
932 980 9.539
934 987 0.551
937 948 6.918
943 973 7.904
955 977 4.161
